 N1.562O.42C.0003Ar.0094 Pressure=760. Path=100. cm
 Photon Energy (eV), Transmission
    1000.0      0.00000    
    1072.5      0.00000    
    1145.0      0.00000    
    1217.5      0.00000    
    1290.0      0.00000    
    1362.5      0.00000    
    1435.0      0.00000    
    1507.5      0.00000    
    1580.0      0.00000    
    1652.5      0.00000    
    1725.0      0.15877E-41
    1797.5      0.66642E-37
    1870.0      0.62052E-33
    1942.5      0.16229E-29
    2015.0      0.14531E-26
    2087.5      0.56169E-24
    2160.0      0.10504E-21
    2232.5      0.10474E-19
    2305.0      0.61033E-18
    2377.5      0.22436E-16
    2450.0      0.55435E-15
    2522.5      0.96974E-14
    2595.0      0.12577E-12
    2667.5      0.12562E-11
    2740.0      0.99726E-11
    2812.5      0.64753E-10
    2885.0      0.35200E-09
    2957.5      0.16374E-08
    3030.0      0.66196E-08
    3102.5      0.23662E-07
    3175.0      0.75705E-07
    3247.5      0.33498E-07
    3320.0      0.98053E-07
    3392.5      0.26320E-06
    3465.0      0.65388E-06
    3537.5      0.15144E-05
    3610.0      0.32917E-05
    3682.5      0.67552E-05
    3755.0      0.13150E-04
    3827.5      0.24406E-04
    3900.0      0.43361E-04
    3972.5      0.74026E-04
    4045.0      0.12199E-03
    4117.5      0.19413E-03
    4190.0      0.29952E-03
    4262.5      0.44909E-03
    4335.0      0.65598E-03
    4407.5      0.93529E-03
    4480.0      0.13042E-02
    4552.5      0.17817E-02
    4625.0      0.23881E-02
    4697.5      0.31452E-02
    4770.0      0.40753E-02
    4842.5      0.52012E-02
    4915.0      0.65458E-02
    4987.5      0.81309E-02
    5060.0      0.99784E-02
    5132.5      0.12108E-01
    5205.0      0.14537E-01
    5277.5      0.17285E-01
    5350.0      0.20362E-01
    5422.5      0.23782E-01
    5495.0      0.27554E-01
    5567.5      0.31685E-01
    5640.0      0.36177E-01
    5712.5      0.41034E-01
    5785.0      0.46255E-01
    5857.5      0.51837E-01
    5930.0      0.57775E-01
    6002.5      0.64060E-01
    6075.0      0.70686E-01
    6147.5      0.77639E-01
    6220.0      0.84909E-01
    6292.5      0.92479E-01
    6365.0      0.10034    
    6437.5      0.10846    
    6510.0      0.11685    
    6582.5      0.12548    
    6655.0      0.13433    
    6727.5      0.14339    
    6800.0      0.15263    
    6872.5      0.16203    
    6945.0      0.17160    
    7017.5      0.18129    
    7090.0      0.19111    
    7162.5      0.20103    
    7235.0      0.21105    
    7307.5      0.22113    
    7380.0      0.23127    
    7452.5      0.24145    
    7525.0      0.25167    
    7597.5      0.26190    
    7670.0      0.27213    
    7742.5      0.28236    
    7815.0      0.29258    
    7887.5      0.30276    
    7960.0      0.31291    
    8032.5      0.32301    
    8105.0      0.33306    
    8177.5      0.34305    
    8250.0      0.35297    
    8322.5      0.36282    
    8395.0      0.37258    
    8467.5      0.38226    
    8540.0      0.39185    
    8612.5      0.40134    
    8685.0      0.41072    
    8757.5      0.42000    
    8830.0      0.42918    
    8902.5      0.43824    
    8975.0      0.44719    
    9047.5      0.45602    
    9120.0      0.46474    
    9192.5      0.47333    
    9265.0      0.48181    
    9337.5      0.49016    
    9410.0      0.49839    
    9482.5      0.50650    
    9555.0      0.51448    
    9627.5      0.52234    
    9700.0      0.53008    
    9772.5      0.53769    
    9845.0      0.54518    
    9917.5      0.55254    
    9990.0      0.55979    
    10063.      0.56692    
    10135.      0.57392    
    10208.      0.58081    
    10280.      0.58758    
    10353.      0.59424    
    10425.      0.60077    
    10497.      0.60719    
    10570.      0.61350    
    10642.      0.61969    
    10715.      0.62578    
    10787.      0.63175    
    10860.      0.63762    
    10932.      0.64337    
    11005.      0.64903    
    11078.      0.65458    
    11150.      0.66003    
    11222.      0.66538    
    11295.      0.67063    
    11367.      0.67578    
    11440.      0.68084    
    11512.      0.68580    
    11585.      0.69067    
    11658.      0.69545    
    11730.      0.70014    
    11803.      0.70474    
    11875.      0.70925    
    11947.      0.71368    
    12020.      0.71803    
    12092.      0.72229    
    12165.      0.72648    
    12238.      0.73058    
    12310.      0.73461    
    12383.      0.73857    
    12455.      0.74245    
    12528.      0.74625    
    12600.      0.74999    
    12672.      0.75365    
    12745.      0.75725    
    12818.      0.76078    
    12890.      0.76424    
    12963.      0.76764    
    13035.      0.77097    
    13108.      0.77424    
    13180.      0.77745    
    13253.      0.78060    
    13325.      0.78370    
    13397.      0.78673    
    13470.      0.78971    
    13542.      0.79263    
    13615.      0.79550    
    13687.      0.79832    
    13760.      0.80108    
    13832.      0.80379    
    13905.      0.80646    
    13977.      0.80907    
    14050.      0.81164    
    14123.      0.81416    
    14195.      0.81663    
    14267.      0.81906    
    14340.      0.82145    
    14412.      0.82379    
    14485.      0.82609    
    14557.      0.82834    
    14630.      0.83056    
    14703.      0.83274    
    14775.      0.83487    
    14848.      0.83697    
    14920.      0.83904    
    14992.      0.84106    
    15065.      0.84305    
    15137.      0.84501    
    15210.      0.84694    
    15283.      0.84883    
    15355.      0.85069    
    15428.      0.85251    
    15500.      0.85431    
    15573.      0.85607    
    15645.      0.85780    
    15717.      0.85950    
    15790.      0.86118    
    15863.      0.86282    
    15935.      0.86444    
    16008.      0.86602    
    16080.      0.86758    
    16153.      0.86912    
    16225.      0.87062    
    16298.      0.87210    
    16370.      0.87356    
    16442.      0.87499    
    16515.      0.87640    
    16587.      0.87779    
    16660.      0.87915    
    16732.      0.88049    
    16805.      0.88180    
    16878.      0.88310    
    16950.      0.88437    
    17023.      0.88562    
    17095.      0.88685    
    17167.      0.88806    
    17240.      0.88925    
    17312.      0.89042    
    17385.      0.89158    
    17457.      0.89271    
    17530.      0.89383    
    17603.      0.89492    
    17675.      0.89600    
    17748.      0.89706    
    17820.      0.89811    
    17893.      0.89914    
    17965.      0.90015    
    18037.      0.90114    
    18110.      0.90212    
    18182.      0.90309    
    18255.      0.90404    
    18328.      0.90497    
    18400.      0.90589    
    18473.      0.90680    
    18545.      0.90769    
    18618.      0.90856    
    18690.      0.90943    
    18762.      0.91028    
    18835.      0.91111    
    18907.      0.91194    
    18980.      0.91275    
    19053.      0.91355    
    19125.      0.91433    
    19198.      0.91511    
    19270.      0.91587    
    19343.      0.91662    
    19415.      0.91736    
    19487.      0.91809    
    19560.      0.91881    
    19632.      0.91952    
    19705.      0.92021    
    19777.      0.92090    
    19850.      0.92157    
    19923.      0.92223    
    19995.      0.92289    
    20067.      0.92353    
    20140.      0.92418    
    20213.      0.92481    
    20285.      0.92543    
    20358.      0.92605    
    20430.      0.92665    
    20503.      0.92725    
    20575.      0.92784    
    20648.      0.92842    
    20720.      0.92899    
    20793.      0.92955    
    20865.      0.93011    
    20938.      0.93066    
    21010.      0.93120    
    21082.      0.93173    
    21155.      0.93226    
    21227.      0.93277    
    21300.      0.93328    
    21372.      0.93379    
    21445.      0.93428    
    21517.      0.93477    
    21590.      0.93526    
    21662.      0.93573    
    21735.      0.93620    
    21808.      0.93666    
    21880.      0.93712    
    21953.      0.93757    
    22025.      0.93802    
    22098.      0.93846    
    22170.      0.93889    
    22243.      0.93932    
    22315.      0.93974    
    22388.      0.94015    
    22460.      0.94056    
    22532.      0.94097    
    22605.      0.94137    
    22677.      0.94176    
    22750.      0.94215    
    22822.      0.94253    
    22895.      0.94291    
    22967.      0.94329    
    23040.      0.94365    
    23112.      0.94402    
    23185.      0.94438    
    23258.      0.94473    
    23330.      0.94508    
    23403.      0.94543    
    23475.      0.94577    
    23548.      0.94611    
    23620.      0.94644    
    23693.      0.94677    
    23765.      0.94709    
    23838.      0.94741    
    23910.      0.94773    
    23982.      0.94804    
    24055.      0.94835    
    24127.      0.94865    
    24200.      0.94895    
    24272.      0.94925    
    24345.      0.94954    
    24417.      0.94983    
    24490.      0.95012    
    24562.      0.95040    
    24635.      0.95068    
    24707.      0.95096    
    24780.      0.95123    
    24853.      0.95150    
    24925.      0.95176    
    24998.      0.95203    
    25070.      0.95228    
    25143.      0.95254    
    25215.      0.95279    
    25288.      0.95304    
    25360.      0.95329    
    25433.      0.95353    
    25505.      0.95378    
    25577.      0.95401    
    25650.      0.95425    
    25722.      0.95448    
    25795.      0.95471    
    25867.      0.95494    
    25940.      0.95516    
    26012.      0.95539    
    26085.      0.95561    
    26157.      0.95582    
    26230.      0.95604    
    26303.      0.95625    
    26375.      0.95646    
    26448.      0.95666    
    26520.      0.95687    
    26593.      0.95707    
    26665.      0.95727    
    26738.      0.95747    
    26810.      0.95766    
    26883.      0.95786    
    26955.      0.95805    
    27027.      0.95824    
    27100.      0.95842    
    27172.      0.95861    
    27245.      0.95879    
    27317.      0.95897    
    27390.      0.95915    
    27462.      0.95933    
    27535.      0.95950    
    27607.      0.95967    
    27680.      0.95984    
    27753.      0.96001    
    27825.      0.96018    
    27898.      0.96034    
    27970.      0.96051    
    28043.      0.96067    
    28115.      0.96083    
    28188.      0.96099    
    28260.      0.96114    
    28333.      0.96130    
    28405.      0.96145    
    28478.      0.96160    
    28550.      0.96175    
    28622.      0.96190    
    28695.      0.96205    
    28767.      0.96219    
    28840.      0.96233    
    28912.      0.96248    
    28985.      0.96262    
    29057.      0.96275    
    29130.      0.96289    
    29202.      0.96303    
    29275.      0.96316    
    29348.      0.96330    
    29420.      0.96343    
    29493.      0.96356    
    29565.      0.96369    
    29638.      0.96381    
    29710.      0.96394    
    29783.      0.96406    
    29855.      0.96419    
    29928.      0.96431    
    30000.      0.96443    
