 si Density=2.33 Thickness=500. microns
 Photon Energy (eV), Transmission
    1000.0      0.00000    
    1008.5      0.00000    
    1017.2      0.00000    
    1025.8      0.00000    
    1034.6      0.00000    
    1043.4      0.00000    
    1052.3      0.00000    
    1061.3      0.00000    
    1070.4      0.00000    
    1079.5      0.00000    
    1088.7      0.00000    
    1098.0      0.00000    
    1107.4      0.00000    
    1116.9      0.00000    
    1126.4      0.00000    
    1136.0      0.00000    
    1145.7      0.00000    
    1155.5      0.00000    
    1165.4      0.00000    
    1175.3      0.00000    
    1185.4      0.00000    
    1195.5      0.00000    
    1205.7      0.00000    
    1216.0      0.00000    
    1226.4      0.00000    
    1236.9      0.14013E-44
    1247.4      0.98091E-44
    1258.1      0.91084E-43
    1268.8      0.84078E-42
    1279.7      0.73372E-41
    1290.6      0.61032E-40
    1301.6      0.48770E-39
    1312.7      0.37385E-38
    1323.9      0.27389E-37
    1335.2      0.19190E-36
    1346.6      0.12884E-35
    1358.1      0.82894E-35
    1369.7      0.51109E-34
    1381.4      0.30250E-33
    1393.2      0.17280E-32
    1405.1      0.94937E-32
    1417.1      0.50325E-31
    1429.2      0.25706E-30
    1441.4      0.12677E-29
    1453.7      0.60301E-29
    1466.1      0.27688E-28
    1478.7      0.12288E-27
    1491.3      0.52746E-27
    1504.0      0.22466E-26
    1516.9      0.94083E-26
    1529.8      0.38189E-25
    1542.9      0.15015E-24
    1556.1      0.57290E-24
    1569.3      0.21192E-23
    1582.7      0.75980E-23
    1596.3      0.26437E-22
    1609.9      0.89366E-22
    1623.6      0.29360E-21
    1637.5      0.93841E-21
    1651.5      0.29186E-20
    1665.6      0.88378E-20
    1679.8      0.26075E-19
    1694.2      0.75001E-19
    1708.6      0.21045E-18
    1723.2      0.57636E-18
    1737.9      0.15691E-17
    1752.8      0.42164E-17
    1767.7      0.11106E-16
    1782.8      0.28615E-16
    1798.1      0.72361E-16
    1813.4      0.17904E-15
    1828.9      0.43328E-15
    1844.5      0.00000    
    1860.3      0.00000    
    1876.1      0.00000    
    1892.2      0.00000    
    1908.3      0.00000    
    1924.6      0.00000    
    1941.1      0.00000    
    1957.6      0.00000    
    1974.4      0.00000    
    1991.2      0.00000    
    2008.2      0.00000    
    2025.4      0.00000    
    2042.7      0.00000    
    2060.1      0.00000    
    2077.7      0.00000    
    2095.4      0.00000    
    2113.3      0.00000    
    2131.4      0.00000    
    2149.6      0.00000    
    2167.9      0.00000    
    2186.4      0.00000    
    2205.1      0.00000    
    2223.9      0.00000    
    2242.9      0.00000    
    2262.1      0.00000    
    2281.4      0.00000    
    2300.9      0.00000    
    2320.5      0.00000    
    2340.3      0.00000    
    2360.3      0.00000    
    2380.5      0.00000    
    2400.8      0.00000    
    2421.3      0.00000    
    2442.0      0.00000    
    2462.8      0.00000    
    2483.9      0.00000    
    2505.1      0.00000    
    2526.5      0.00000    
    2548.1      0.00000    
    2569.8      0.00000    
    2591.8      0.00000    
    2613.9      0.00000    
    2636.2      0.00000    
    2658.7      0.00000    
    2681.4      0.00000    
    2704.3      0.00000    
    2727.4      0.00000    
    2750.7      0.00000    
    2774.2      0.00000    
    2797.9      0.00000    
    2821.8      0.00000    
    2845.9      0.00000    
    2870.2      0.00000    
    2894.7      0.00000    
    2919.4      0.00000    
    2944.3      0.00000    
    2969.5      0.00000    
    2994.8      0.00000    
    3020.4      0.00000    
    3046.2      0.00000    
    3072.2      0.00000    
    3098.4      0.00000    
    3124.9      0.42039E-44
    3151.6      0.40638E-43
    3178.5      0.39236E-42
    3205.6      0.36111E-41
    3233.0      0.31742E-40
    3260.6      0.26572E-39
    3288.5      0.21266E-38
    3316.5      0.16242E-37
    3344.9      0.11917E-36
    3373.4      0.83568E-36
    3402.2      0.56132E-35
    3431.3      0.36146E-34
    3460.6      0.22363E-33
    3490.1      0.13290E-32
    3519.9      0.75982E-32
    3550.0      0.41773E-31
    3580.3      0.22101E-30
    3610.9      0.11289E-29
    3641.7      0.55625E-29
    3672.8      0.26456E-28
    3704.2      0.12142E-27
    3735.8      0.53892E-27
    3767.7      0.23113E-26
    3799.9      0.96214E-26
    3832.3      0.38750E-25
    3865.1      0.15124E-24
    3898.1      0.57222E-24
    3931.3      0.21037E-23
    3964.9      0.75080E-23
    3998.8      0.26046E-22
    4032.9      0.87816E-22
    4067.4      0.28799E-21
    4102.1      0.92005E-21
    4137.1      0.28641E-20
    4172.4      0.86863E-20
    4208.1      0.25673E-19
    4244.0      0.74068E-19
    4280.3      0.20850E-18
    4316.8      0.57383E-18
    4353.7      0.15424E-17
    4390.8      0.40541E-17
    4428.3      0.10418E-16
    4466.2      0.26223E-16
    4504.3      0.64599E-16
    4542.8      0.15592E-15
    4581.5      0.36868E-15
    4620.7      0.85476E-15
    4660.1      0.19441E-14
    4699.9      0.43404E-14
    4740.1      0.95103E-14
    4780.5      0.20459E-13
    4821.3      0.43240E-13
    4862.5      0.89802E-13
    4904.0      0.18344E-12
    4945.9      0.36847E-12
    4988.2      0.72832E-12
    5030.7      0.14166E-11
    5073.7      0.27162E-11
    5117.0      0.51282E-11
    5160.7      0.95391E-11
    5204.8      0.17484E-10
    5249.2      0.31593E-10
    5294.1      0.56304E-10
    5339.3      0.99026E-10
    5384.9      0.17186E-09
    5430.9      0.29441E-09
    5477.2      0.49813E-09
    5524.0      0.83251E-09
    5571.2      0.13749E-08
    5618.7      0.22438E-08
    5666.7      0.36203E-08
    5715.1      0.57750E-08
    5763.9      0.91128E-08
    5813.1      0.14223E-07
    5862.8      0.21970E-07
    5912.8      0.33585E-07
    5963.3      0.50846E-07
    6014.2      0.76221E-07
    6065.6      0.11318E-06
    6117.4      0.16648E-06
    6169.6      0.24264E-06
    6222.3      0.35048E-06
    6275.5      0.50183E-06
    6329.0      0.71236E-06
    6383.1      0.10035E-05
    6437.6      0.14024E-05
    6492.6      0.19432E-05
    6548.0      0.26714E-05
    6603.9      0.36452E-05
    6660.3      0.49375E-05
    6717.2      0.66412E-05
    6774.6      0.88694E-05
    6832.4      0.11763E-04
    6890.7      0.15496E-04
    6949.6      0.20278E-04
    7008.9      0.26369E-04
    7068.8      0.34074E-04
    7129.1      0.43762E-04
    7190.0      0.55866E-04
    7251.4      0.70904E-04
    7313.3      0.89470E-04
    7375.8      0.11229E-03
    7438.8      0.14016E-03
    7502.3      0.17402E-03
    7566.4      0.21492E-03
    7631.0      0.26409E-03
    7696.1      0.32291E-03
    7761.9      0.39295E-03
    7828.1      0.47592E-03
    7895.0      0.57375E-03
    7962.4      0.68859E-03
    8030.4      0.82279E-03
    8099.0      0.97895E-03
    8168.1      0.11598E-02
    8237.9      0.13686E-02
    8308.2      0.16083E-02
    8379.2      0.18829E-02
    8450.7      0.21959E-02
    8522.9      0.25514E-02
    8595.7      0.29536E-02
    8669.1      0.34074E-02
    8743.1      0.39172E-02
    8817.7      0.44882E-02
    8893.0      0.51253E-02
    8969.0      0.58339E-02
    9045.6      0.66199E-02
    9122.8      0.74891E-02
    9200.7      0.84468E-02
    9279.3      0.94989E-02
    9358.5      0.10652E-01
    9438.4      0.11911E-01
    9519.0      0.13283E-01
    9600.3      0.14775E-01
    9682.3      0.16391E-01
    9765.0      0.18138E-01
    9848.4      0.20022E-01
    9932.5      0.22049E-01
    10017.      0.24223E-01
    10103.      0.26551E-01
    10189.      0.29038E-01
    10276.      0.31689E-01
    10364.      0.34507E-01
    10452.      0.37499E-01
    10542.      0.40667E-01
    10632.      0.44016E-01
    10722.      0.47547E-01
    10814.      0.51266E-01
    10906.      0.55174E-01
    10999.      0.59272E-01
    11093.      0.63561E-01
    11188.      0.68048E-01
    11284.      0.72727E-01
    11380.      0.77604E-01
    11477.      0.82673E-01
    11575.      0.87938E-01
    11674.      0.93396E-01
    11774.      0.99048E-01
    11874.      0.10489    
    11976.      0.11092    
    12078.      0.11713    
    12181.      0.12353    
    12285.      0.13011    
    12390.      0.13686    
    12496.      0.14378    
    12602.      0.15087    
    12710.      0.15812    
    12819.      0.16553    
    12928.      0.17309    
    13038.      0.18079    
    13150.      0.18864    
    13262.      0.19661    
    13375.      0.20472    
    13490.      0.21295    
    13605.      0.22129    
    13721.      0.22974    
    13838.      0.23830    
    13956.      0.24695    
    14075.      0.25568    
    14196.      0.26450    
    14317.      0.27339    
    14439.      0.28235    
    14562.      0.29137    
    14687.      0.30045    
    14812.      0.30957    
    14939.      0.31873    
    15066.      0.32793    
    15195.      0.33716    
    15325.      0.34640    
    15455.      0.35567    
    15587.      0.36494    
    15721.      0.37421    
    15855.      0.38348    
    15990.      0.39274    
    16127.      0.40199    
    16264.      0.41121    
    16403.      0.42041    
    16543.      0.42958    
    16685.      0.43871    
    16827.      0.44780    
    16971.      0.45685    
    17116.      0.46584    
    17262.      0.47478    
    17409.      0.48367    
    17558.      0.49249    
    17708.      0.50125    
    17859.      0.50993    
    18012.      0.51855    
    18165.      0.52709    
    18321.      0.53555    
    18477.      0.54393    
    18635.      0.55222    
    18794.      0.56044    
    18954.      0.56856    
    19116.      0.57659    
    19279.      0.58453    
    19444.      0.59237    
    19610.      0.60012    
    19778.      0.60777    
    19947.      0.61533    
    20117.      0.62279    
    20289.      0.63016    
    20462.      0.63741    
    20637.      0.64456    
    20813.      0.65161    
    20991.      0.65855    
    21170.      0.66539    
    21351.      0.67211    
    21533.      0.67874    
    21717.      0.68525    
    21902.      0.69166    
    22089.      0.69796    
    22278.      0.70416    
    22468.      0.71025    
    22660.      0.71623    
    22853.      0.72211    
    23049.      0.72789    
    23245.      0.73356    
    23444.      0.73913    
    23644.      0.74460    
    23846.      0.74996    
    24050.      0.75523    
    24255.      0.76039    
    24462.      0.76546    
    24671.      0.77043    
    24882.      0.77530    
    25094.      0.78007    
    25308.      0.78476    
    25525.      0.78934    
    25743.      0.79384    
    25962.      0.79824    
    26184.      0.80256    
    26408.      0.80678    
    26633.      0.81092    
    26861.      0.81497    
    27090.      0.81894    
    27321.      0.82282    
    27555.      0.82662    
    27790.      0.83034    
    28027.      0.83398    
    28266.      0.83754    
    28508.      0.84102    
    28751.      0.84442    
    28997.      0.84775    
    29244.      0.85101    
    29494.      0.85420    
    29746.      0.85731    
    30000.      0.86035    
