Nuclide ; Ac-225 
Element ; Actinium
Z ; 89
Daughter(s) ; (alpha) ; Fr-221 ; 100
Qalpha ; 5935.1
Possible parent(s) ; (B-) ; Ra-225 ; 100
Half-life (d) ; 9.9172 ; 0.0021
Half-life (s) ; 856.85E3 ; 0.18E3
Decay constant (1/s) ; 808.95E-9 ; 0.17E-9
Specific activity (Bq/g) ; 2.16517E15 ; 0.00046E15
Reference ; LNHB; CNDC - 2023
Emissions (194 lines) sorted by increasing energy
------------------------------------------------------------------------------------------------------------------
Energy (keV) ; Ener. unc. (keV) ; Intensity (%) ; Int. unc. (%) ; Type ; Origin ; Lvl. start ; Lvl. end
10.79 ; 0.02 ; 0.015 ; 0.002 ; g ; Fr-221 ; 2 ; 1 ; 
14.08955 ;  ; 19.0 ; 0.6 ; XL ; Fr ;  ;  ; 
25.856 ; 0.017 ; 0.00159 ; 0.00021 ; g ; Fr-221 ; 1 ; 0 ; 
36.646 ; 0.011 ; 0.0181 ; 0.0015 ; g ; Fr-221 ; 2 ; 0 ; 
38.546 ; 0.012 ; 0.0107 ; 0.0010 ; g ; Fr-221 ; 3 ; 0 ; 
46.159 ; 0.024 ; 0.0049 ; 0.0007 ; g ; Fr-221 ; 8 ; 4 ; 
49.166 ; 0.017 ; 0.0080 ; 0.0008 ; g ; Fr-221 ; 9 ; 6 ; 
50.311 ; 0.021 ; 0.00062 ;  ; g ; Fr-221 ; 9 ; 5 ; 
53.036 ; 0.039 ; 0.004 ;  ; g ; Fr-221 ; 34 ; 32 ; 
57.762 ; 0.016 ; 0.0051 ; 0.0008 ; g ; Fr-221 ; 13 ; 10 ; 
62.351 ; 0.016 ; 0.0053 ; 0.0012 ; g ; Fr-221 ; 6 ; 3 ; 
62.950 ; 0.017 ; 0.49 ; 0.03 ; g ; Fr-221 ; 4 ; 2 ; 
63.106 ; 0.019 ; 0.021 ; 0.003 ; g ; Fr-221 ; 5 ; 2 ; 
64.251 ; 0.016 ; 0.047 ; 0.004 ; g ; Fr-221 ; 6 ; 2 ; 
69.858 ; 0.016 ; 0.0047 ; 0.0012 ; g ; Fr-221 ; 7 ; 3 ; 
71.758 ; 0.016 ; 0.0132 ; 0.0013 ; g ; Fr-221 ; 7 ; 2 ; 
73.740 ; 0.021 ; 0.019 ; 0.005 ; g ; Fr-221 ; 4 ; 1 ; 
73.896 ; 0.023 ; 0.309 ; 0.023 ; g ; Fr-221 ; 5 ; 1 ; 
75.041 ; 0.020 ; 0.015 ; 0.003 ; g ; Fr-221 ; 6 ; 1 ; 
78.812 ; 0.024 ; 0.0123 ; 0.0019 ; g ; Fr-221 ; 11 ; 8 ; 
83.23 ;  ; 1.06 ; 0.07 ; XKa2 ; Fr ;  ;  ; 
86.1 ;  ; 1.73 ; 0.12 ; XKa1 ; Fr ;  ;  ; 
87.385 ; 0.016 ; 0.271 ; 0.019 ; g ; Fr-221 ; 10 ; 7 ; 
94.892 ; 0.016 ; 0.105 ; 0.010 ; g ; Fr-221 ; 10 ; 6 ; 
96.037 ; 0.019 ; 0.033 ; 0.007 ; g ; Fr-221 ; 10 ; 5 ; 
97.4527 ;  ; 0.60 ; 0.05 ; XK'b1 ; Fr ;  ;  ; 
99.596 ; 0.013 ; 0.76 ; 0.05 ; g ; Fr-221 ; 4 ; 0 ; 
99.752 ; 0.016 ; 1.08 ; 0.08 ; g ; Fr-221 ; 5 ; 0 ; 
100.56 ;  ; 0.196 ; 0.014 ; XK'b2 ; Fr ;  ;  ; 
100.897 ; 0.011 ; 0.096 ; 0.008 ; g ; Fr-221 ; 6 ; 0 ; 
103.488 ; 0.018 ; 0.0030 ; 0.0007 ; g ; Fr-221 ; 13 ; 9 ; 
108.404 ; 0.011 ; 0.255 ; 0.016 ; g ; Fr-221 ; 7 ; 0 ; 
111.517 ; 0.018 ; 0.313 ; 0.021 ; g ; Fr-221 ; 9 ; 3 ; 
112.78 ; 0.05 ; 0.0021 ; 0.0003 ; g ; Fr-221 ; 24 ; 16 ; 
114.091 ; 0.025 ; 0.00087 ; 0.00013 ; g ; Fr-221 ; 23 ; 15 ; 
119.899 ; 0.026 ; 0.080 ; 0.005 ; g ; Fr-221 ; 8 ; 1 ; 
121.08 ; 0.07 ; 0.017 ; 0.005 ; g ; Fr-221 ; 14 ; 9 ; 
123.670 ; 0.017 ; 0.087 ; 0.006 ; g ; Fr-221 ; 11 ; 6 ; 
124.815 ; 0.021 ; 0.0292 ; 0.0018 ; g ; Fr-221 ; 11 ; 5 ; 
126.066 ; 0.021 ; 0.0079 ; 0.0007 ; g ; Fr-221 ; 12 ; 7 ; 
129.146 ; 0.021 ; 0.0027 ; 0.0005 ; g ; Fr-221 ; 15 ; 9 ; 
133.573 ; 0.021 ; 0.0196 ; 0.0016 ; g ; Fr-221 ; 12 ; 6 ; 
134.874 ; 0.022 ; 0.032 ; 0.003 ; g ; Fr-221 ; 12 ; 4 ; 
137.40 ; 0.15 ; 0.0023 ; 0.0003 ; g ; Fr-221 ; 26 ; 14 ; 
139.749 ; 0.022 ; 0.00139 ; 0.00021 ; g ; Fr-221 ; 23 ; 13 ; 
144.627 ; 0.042 ; 0.00046 ; 0.00012 ; g ; Fr-221 ; 17 ; 9 ; 
145.147 ; 0.016 ; 0.146 ; 0.009 ; g ; Fr-221 ; 13 ; 7 ; 
150.063 ; 0.013 ; 0.693 ; 0.012 ; g ; Fr-221 ; 9 ; 0 ; 
152.654 ; 0.016 ; 0.0197 ; 0.0013 ; g ; Fr-221 ; 13 ; 6 ; 
153.955 ; 0.018 ; 0.205 ; 0.013 ; g ; Fr-221 ; 13 ; 4 ; 
157.243 ; 0.016 ; 0.36 ; 0.03 ; g ; Fr-221 ; 10 ; 3 ; 
161.35 ; 0.08 ; 0.0036 ; 0.0009 ; g ; Fr-221 ; 18 ; 9 ; 
168.733 ; 0.022 ; 0.012 ; 0.005 ; g ; Fr-221 ; 23 ; 11 ; 
169.933 ; 0.020 ; 0.0139 ; 0.0014 ; g ; Fr-221 ; 10 ; 1 ; 
170.805 ; 0.020 ; 0.013 ; 0.007 ; g ; Fr-221 ; 15 ; 7 ; 
178.312 ; 0.020 ; 0.0161 ; 0.0012 ; g ; Fr-221 ; 15 ; 6 ; 
179.756 ; 0.032 ; 0.0108 ; 0.0008 ; g ; Fr-221 ; 16 ; 7 ; 
186.021 ; 0.018 ; 0.0127 ; 0.0014 ; g ; Fr-221 ; 11 ; 3 ; 
186.286 ; 0.041 ; 0.0042 ; 0.0005 ; g ; Fr-221 ; 17 ; 7 ; 
187.263 ; 0.032 ; 0.0103 ; 0.0007 ; g ; Fr-221 ; 16 ; 6 ; 
187.921 ; 0.017 ; 0.53 ; 0.03 ; g ; Fr-221 ; 11 ; 2 ; 
195.789 ; 0.011 ; 0.148 ; 0.009 ; g ; Fr-221 ; 10 ; 0 ; 
197.511 ; 0.021 ; 0.026 ; 0.003 ; g ; Fr-221 ; 23 ; 10 ; 
197.824 ; 0.021 ; 0.038 ; 0.005 ; g ; Fr-221 ; 12 ; 2 ; 
198.711 ; 0.021 ; 0.0188 ; 0.0013 ; g ; Fr-221 ; 11 ; 1 ; 
205.19 ; 0.06 ; 0.0015 ; 0.0005 ; g ; Fr-221 ; 29 ; 13 ; 
216.905 ; 0.016 ; 0.32 ; 0.02 ; g ; Fr-221 ; 13 ; 2 ; 
220.43 ; 0.08 ; 0.0060 ; 0.0018 ; g ; Fr-221 ; 19 ; 4 ; 
224.567 ; 0.013 ; 0.112 ; 0.008 ; g ; Fr-221 ; 11 ; 0 ; 
227.695 ; 0.021 ; 0.0046 ; 0.0012 ; g ; Fr-221 ; 13 ; 1 ; 
231.196 ; 0.039 ; 0.005 ; 0.003 ; g ; Fr-221 ; 41 ; 32 ; 
234.49 ; 0.07 ; 0.0017 ; 0.0003 ; g ; Fr-221 ; 14 ; 2 ; 
238.64 ; 0.08 ; 0.0010 ; 0.0003 ; g ; Fr-221 ; 20 ; 4 ; 
240.663 ; 0.021 ; 0.0117 ; 0.0010 ; g ; Fr-221 ; 15 ; 3 ; 
243.237 ; 0.022 ; 0.0031 ; 0.0004 ; g ; Fr-221 ; 23 ; 9 ; 
249.614 ; 0.032 ; 0.0135 ; 0.0010 ; g ; Fr-221 ; 16 ; 3 ; 
253.551 ; 0.012 ; 0.132 ; 0.008 ; g ; Fr-221 ; 13 ; 0 ; 
256.144 ; 0.042 ; 0.00037 ; 0.00007 ; g ; Fr-221 ; 17 ; 3 ; 
279.209 ; 0.017 ; 0.0305 ; 0.0022 ; g ; Fr-221 ; 15 ; 0 ; 
282.201 ; 0.046 ; 0.00055 ; 0.00005 ; g ; Fr-221 ; 36 ; 21 ; 
284.896 ; 0.021 ; 0.0074 ; 0.0006 ; g ; Fr-221 ; 23 ; 7 ; 
298.33 ; 0.06 ; 0.0020 ; 0.0003 ; g ; Fr-221 ; 25 ; 7 ; 
317.119 ; 0.032 ; 0.00042 ; 0.00021 ; g ; Fr-221 ; 34 ; 13 ; 
321.753 ; 0.041 ; 0.0033 ; 0.0004 ; g ; Fr-221 ; 27 ; 6 ; 
348.35 ; 0.04 ; 0.0030 ; 0.0003 ; g ; Fr-221 ; 21 ; 0 ; 
354.754 ; 0.022 ; 0.0020 ; 0.0007 ; g ; Fr-221 ; 23 ; 3 ; 
356.023 ; 0.020 ; 0.00026 ; 0.00011 ; g ; Fr-221 ; 33 ; 10 ; 
362.394 ; 0.042 ; 0.0054 ; 0.0005 ; g ; Fr-221 ; 24 ; 3 ; 
367.74 ; 0.12 ; 0.00052 ; 0.00018 ; g ; Fr-221 ; 22 ; 0 ; 
374.881 ; 0.032 ; 0.0019 ; 0.0005 ; g ; Fr-221 ; 34 ; 10 ; 
388.10 ; 0.07 ; 0.00125 ; 0.00021 ; g ; Fr-221 ; 31 ; 7 ; 
403.130 ; 0.035 ; 0.00019 ; 0.00016 ; g ; Fr-221 ; 37 ; 12 ; 
406.057 ; 0.026 ; 0.0078 ; 0.0005 ; g ; Fr-221 ; 33 ; 8 ; 
417.882 ; 0.030 ; 0.0056 ; 0.0005 ; g ; Fr-221 ; 32 ; 5 ; 
429.43 ; 0.08 ; 0.00038 ; 0.00019 ; g ; Fr-221 ; 47 ; 27 ; 
434.762 ; 0.025 ; 0.0029 ; 0.0003 ; g ; Fr-221 ; 36 ; 10 ; 
442.10 ; 0.09 ; 0.0045 ; 0.0007 ; g ; Fr-221 ; 40 ; 14 ; 
443.408 ; 0.020 ; 0.0014 ; 0.0005 ; g ; Fr-221 ; 33 ; 7 ; 
443.43 ; 0.10 ; 0.0001 ;  ; g ; Fr-221 ; 30 ; 3 ; 
446.31 ; 0.10 ; 0.0006 ; 0.0004 ; g ; Fr-221 ; 28 ; 0 ; 
450.915 ; 0.020 ; 0.0030 ; 0.0005 ; g ; Fr-221 ; 33 ; 6 ; 
452.216 ; 0.021 ; 0.107 ; 0.008 ; g ; Fr-221 ; 33 ; 4 ; 
458.74 ; 0.06 ; 0.00053 ; 0.00013 ; g ; Fr-221 ; 29 ; 0 ; 
462.266 ; 0.032 ; 0.00044 ; 0.00011 ; g ; Fr-221 ; 34 ; 7 ; 
469.773 ; 0.032 ; 0.0028 ; 0.0004 ; g ; Fr-221 ; 34 ; 6 ; 
480.988 ; 0.027 ; 0.0340 ; 0.0022 ; g ; Fr-221 ; 32 ; 2 ; 
491.778 ; 0.030 ; 0.00035 ; 0.00014 ; g ; Fr-221 ; 32 ; 1 ; 
496.50 ; 0.07 ; 0.0015 ; 0.0007 ; g ; Fr-221 ; 31 ; 0 ; 
498.6 ; 0.6 ; 0.00083 ; 0.00021 ; g ; Fr-221 ; 45 ; 19 ; 
513.265 ; 0.021 ; 0.00055 ; 0.00021 ; g ; Fr-221 ; 33 ; 3 ; 
515.165 ; 0.020 ; 0.0214 ; 0.0013 ; g ; Fr-221 ; 33 ; 2 ; 
517.633 ; 0.025 ; 0.0159 ; 0.0010 ; g ; Fr-221 ; 32 ; 0 ; 
522.146 ; 0.025 ; 0.00208 ; 0.00015 ; g ; Fr-221 ; 36 ; 7 ; 
525.955 ; 0.024 ; 0.0353 ; 0.0022 ; g ; Fr-221 ; 33 ; 1 ; 
529.653 ; 0.025 ; 0.0076 ; 0.0007 ; g ; Fr-221 ; 36 ; 6 ; 
530.954 ; 0.026 ; 0.0047 ; 0.0005 ; g ; Fr-221 ; 36 ; 4 ; 
532.123 ; 0.032 ; 0.00076 ; 0.00021 ; g ; Fr-221 ; 34 ; 3 ; 
538.003 ; 0.033 ; 0.0038 ; 0.0010 ; g ; Fr-221 ; 37 ; 4 ; 
544.85 ; 0.06 ; 0.00053 ; 0.00014 ; g ; Fr-221 ; 43 ; 12 ; 
551.811 ; 0.017 ; 0.0052 ; 0.0014 ; g ; Fr-221 ; 33 ; 0 ; 
564.293 ; 0.032 ; 0.00022 ; 0.00009 ; g ; Fr-221 ; 35 ; 2 ; 
567.48 ; 0.06 ; 0.0012 ; 0.0004 ; g ; Fr-221 ; 40 ; 8 ; 
570.669 ; 0.030 ; 0.0040 ; 0.0005 ; g ; Fr-221 ; 34 ; 0 ; 
592.004 ; 0.026 ; 0.00083 ; 0.00014 ; g ; Fr-221 ; 36 ; 3 ; 
593.904 ; 0.025 ; 0.0029 ; 0.0003 ; g ; Fr-221 ; 36 ; 2 ; 
600.939 ; 0.030 ; 0.0024 ; 0.0005 ; g ; Fr-221 ; 35 ; 0 ; 
600.953 ; 0.032 ; 0.006 ;  ; g ; Fr-221 ; 37 ; 2 ; 
603.074 ; 0.036 ; 0.00173 ; 0.00021 ; g ; Fr-221 ; 41 ; 8 ; 
629.26 ; 0.06 ; 0.00032 ; 0.00007 ; g ; Fr-221 ; 43 ; 9 ; 
637.599 ; 0.030 ; 0.00012 ;  ; g ; Fr-221 ; 37 ; 0 ; 
645.94 ; 0.12 ; 0.00015 ; 0.00005 ; g ; Fr-221 ; 38 ; 0 ; 
649.077 ; 0.034 ; 0.0017 ; 0.0005 ; g ; Fr-221 ; 41 ; 5 ; 
656.29 ; 0.07 ; 0.00049 ; 0.00021 ; g ; Fr-221 ; 47 ; 10 ; 
658.03 ; 0.05 ; 0.0014 ; 0.0003 ; g ; Fr-221 ; 42 ; 7 ; 
666.84 ; 0.05 ; 0.0021 ; 0.0018 ; g ; Fr-221 ; 42 ; 4 ; 
674.94 ; 0.30 ; 0.00010 ; 0.00005 ; g ; Fr-221 ; 46 ; 9 ; 
679.53 ; 0.07 ; 0.00066 ; 0.00012 ; g ; Fr-221 ; 39 ; 0 ; 
702.02 ; 0.07 ; 0.00016 ; 0.00007 ; g ; Fr-221 ; 47 ; 9 ; 
747.0 ; 0.1 ; 0.0011 ; 0.0004 ; g ; Fr-221 ; 48 ; 10 ; 
752.48 ; 0.07 ; 0.00026 ; 0.00007 ; g ; Fr-221 ; 47 ; 4 ; 
753.46 ; 0.06 ; 0.00023 ; 0.00007 ; g ; Fr-221 ; 43 ; 1 ; 
766.44 ; 0.05 ; 0.00030 ; 0.00006 ; g ; Fr-221 ; 42 ; 0 ; 
779.32 ; 0.06 ; 0.000055 ; 0.000014 ; g ; Fr-221 ; 43 ; 0 ; 
808.48 ; 0.10 ; 0.0021 ; 0.0003 ; g ; Fr-221 ; 44 ; 0 ; 
825.0 ; 0.3 ; 0.000049 ;  ; g ; Fr-221 ; 46 ; 0 ; 
4903.6 ; 1.4 ; 0.0011 ; 0.0004 ; a ; Ac-225 ; 0 ; 48 ; 
4992.7 ; 1.4 ; 0.0013 ; 0.0003 ; a ; Ac-225 ; 0 ; 47 ; 
5019.3 ; 1.4 ; 0.00015 ; 0.00005 ; a ; Ac-225 ; 0 ; 46 ; 
5025.5 ; 1.4 ; 0.00083 ; 0.00021 ; a ; Ac-225 ; 0 ; 45 ; 
5035.5 ; 1.4 ; 0.0021 ; 0.0003 ; a ; Ac-225 ; 0 ; 44 ; 
5064.1 ; 1.4 ; 0.00114 ; 0.00018 ; a ; Ac-225 ; 0 ; 43 ; 
5076.8 ; 1.4 ; 0.0038 ; 0.0019 ; a ; Ac-225 ; 0 ; 42 ; 
5094.1 ; 1.4 ; 0.015 ; 0.007 ; a ; Ac-225 ; 0 ; 41 ; 
5129.0 ; 1.4 ; 0.0058 ; 0.0008 ; a ; Ac-225 ; 0 ; 40 ; 
5162.1 ; 1.4 ; 0.00066 ; 0.00012 ; a ; Ac-225 ; 0 ; 39 ; 
5195.1 ; 1.4 ; 0.00015 ; 0.00005 ; a ; Ac-225 ; 0 ; 38 ; 
5203.3 ; 1.4 ; 0.0101 ; 0.0010 ; a ; Ac-225 ; 0 ; 37 ; 
5210.2 ; 1.4 ; 0.022 ; 0.001 ; a ; Ac-225 ; 0 ; 36 ; 
5239.3 ; 1.4 ; 0.0026 ; 0.0005 ; a ; Ac-225 ; 0 ; 35 ; 
5269.1 ; 1.4 ; 0.048 ; 0.019 ; a ; Ac-225 ; 0 ; 34 ; 
5287.6 ; 1.4 ; 0.214 ; 0.010 ; a ; Ac-225 ; 0 ; 33 ; 
5321.2 ; 1.4 ; 0.007 ; 0.007 ; a ; Ac-225 ; 0 ; 32 ; 
5341.9 ; 1.4 ; 0.0027 ; 0.0008 ; a ; Ac-225 ; 0 ; 31 ; 
5356.2 ; 1.4 ; 0.000097 ; 0.000002 ; a ; Ac-225 ; 0 ; 30 ; 
5379.0 ; 1.4 ; 0.0020 ; 0.0005 ; a ; Ac-225 ; 0 ; 29 ; 
5391.2 ; 1.4 ; 0.0006 ; 0.0004 ; a ; Ac-225 ; 0 ; 28 ; 
5414.5 ; 1.4 ; 0.0030 ; 0.0004 ; a ; Ac-225 ; 0 ; 27 ; 
5428.3 ; 1.4 ; 0.0023 ; 0.0003 ; a ; Ac-225 ; 0 ; 26 ; 
5430.1 ; 1.4 ; 0.0028 ; 0.0008 ; a ; Ac-225 ; 0 ; 25 ; 
5435.8 ; 1.4 ; 0.0083 ; 0.0006 ; a ; Ac-225 ; 0 ; 24 ; 
5443.3 ; 1.4 ; 0.098 ; 0.019 ; a ; Ac-225 ; 0 ; 23 ; 
5468.4 ; 1.4 ; 0.00052 ; 0.00018 ; a ; Ac-225 ; 0 ; 22 ; 
5487.4 ; 1.4 ; 0.0020 ; 0.0003 ; a ; Ac-225 ; 0 ; 21 ; 
5497.4 ; 1.4 ; 0.0022 ; 0.0007 ; a ; Ac-225 ; 0 ; 20 ; 
5515.2 ; 1.4 ; 0.0052 ; 0.0019 ; a ; Ac-225 ; 0 ; 19 ; 
5523.7 ; 1.4 ; 0.013 ; 0.006 ; a ; Ac-225 ; 0 ; 18 ; 
5540.1 ; 1.4 ; 0.0072 ; 0.0008 ; a ; Ac-225 ; 0 ; 17 ; 
5546.5 ; 1.4 ; 0.055 ; 0.012 ; a ; Ac-225 ; 0 ; 16 ; 
5555.3 ; 1.4 ; 0.084 ; 0.010 ; a ; Ac-225 ; 0 ; 15 ; 
5563.3 ; 1.4 ; 0.017 ; 0.007 ; a ; Ac-225 ; 0 ; 14 ; 
5580.5 ; 1.4 ; 0.95 ; 0.04 ; a ; Ac-225 ; 0 ; 13 ; 
5599.3 ; 1.4 ; 0.114 ; 0.007 ; a ; Ac-225 ; 0 ; 12 ; 
5609.0 ; 1.4 ; 1.09 ; 0.05 ; a ; Ac-225 ; 0 ; 11 ; 
5637.3 ; 1.4 ; 4.16 ; 0.23 ; a ; Ac-225 ; 0 ; 10 ; 
5682.2 ; 1.4 ; 1.31 ; 0.04 ; a ; Ac-225 ; 0 ; 9 ; 
5686.4 ; 1.4 ; 0.021 ; 0.014 ; a ; Ac-225 ; 0 ; 8 ; 
5723.1 ; 1.4 ; 2.03 ; 0.23 ; a ; Ac-225 ; 0 ; 7 ; 
5730.5 ; 1.4 ; 1.6 ; 0.3 ; a ; Ac-225 ; 0 ; 6 ; 
5731.6 ; 1.4 ; 1.24 ; 0.10 ; a ; Ac-225 ; 0 ; 5 ; 
5731.9 ; 1.7 ; 9.0 ; 0.5 ; a ; Ac-225 ; 0 ; 4 ; 
5791.7 ; 1.4 ; 6.2 ; 0.9 ; a ; Ac-225 ; 0 ; 3 ; 
5793.1 ; 2.1 ; 18.9 ; 2.0 ; a ; Ac-225 ; 0 ; 2 ; 
5804.2 ; 1.4 ; 0.3 ;  ; a ; Ac-225 ; 0 ; 1 ; 
5829.6 ; 1.4 ; 52.4 ; 2.4 ; a ; Ac-225 ; 0 ; 0 ; 
==================================================================================================================
