Nuclide ; I-124 
Element ; Iodine
Z ; 53
Daughter(s) ; (B+, EC) ; Te-124 ; 100
Q+ ; 3159.6
Half-life (d) ; 4.17600 ; 0.00029
Half-life (s) ; 360.806E3 ; 0.025E3
Decay constant (1/s) ; 1.92111E-6 ; 0.00013E-6
Specific activity (Bq/g) ; 9.3300E15 ; 0.0006E15
Reference ; NIST - 2021
Emissions (91 lines) sorted by increasing energy
----------------------------------------------------------------------------------------------------------
Energy (keV) ; Ener. unc. (keV) ; Intensity (%) ; Int. unc. (%) ; Type ; Origin ; Lvl. start ; Lvl. end
4.0788 ;  ; 5.95 ; 0.12 ; XL ; Te-124 ;  ; 
27.202 ;  ; 16.56 ; 0.18 ; XKa2 ; Te-124 ;  ; 
27.4726 ;  ; 30.85 ; 0.29 ; XKa1 ; Te-124 ;  ; 
31.0589 ;  ; 8.83 ; 0.13 ; XK'b1 ; Te-124 ;  ; 
31.7623 ;  ; 1.92 ; 0.06 ; XK'b2 ; Te-124 ;  ; 
166.222 ; 0.036 ; 0.0077 ; 0.0028 ; g ; Te-124 ; 28 ; 23
307.441 ; 0.030 ; 0.0165 ; 0.0027 ; g ; Te-124 ; 28 ; 19
335.809 ; 0.009 ; 0.0175 ; 0.0025 ; g ; Te-124 ; 10 ; 6
351.536 ; 0.024 ; 0.0147 ; 0.0019 ; g ; Te-124 ; 23 ; 15
370.729 ; 0.030 ; 0.0025 ; 0.0012 ; g ; Te-124 ; 19 ; 12
402.688 ; 0.033 ; 0.0133 ; 0.0025 ; g ; Te-124 ; 25 ; 15
444.02 ; 0.06 ; 0.0366 ; 0.0027 ; g ; Te-124 ; 15 ; 7
468.725 ; 0.016 ; 0.0075 ; 0.0044 ; g ; Te-124 ; 19 ; 9
491.52 ; 0.06 ; 0.0280 ; 0.0031 ; g ; Te-124 ; 26 ; 14
511 ;  ; 44.11 ; 0.40 ; g511 ; Te-124 ; -1 ; -1
517.757 ; 0.033 ; 0.0228 ; 0.0027 ; g ; Te-124 ; 28 ; 15
525.459 ; 0.015 ; 0.0281 ; 0.0030 ; g ; Te-124 ; 15 ; 6
541.186 ; 0.020 ; 0.2067 ; 0.0032 ; g ; Te-124 ; 23 ; 10
551.019 ; 0.032 ; 0.007 ; 0.022 ; g ; Te-124 ; 25 ; 13
557.406 ; 0.030 ; 0.024 ; 0.016 ; g ; Te-124 ; 5 ; 3
592.337 ; 0.030 ; 0.1104 ; 0.0035 ; g ; Te-124 ; 25 ; 10
602.7255 ; 0.0021 ; 62.3 ; 0.6 ; g ; Te-124 ; 1 ; 0
609.942 ; 0.025 ; 0.1493 ; 0.0022 ; g ; Te-124 ; 23 ; 9
645.8522 ; 0.0033 ; 0.977 ; 0.006 ; g ; Te-124 ; 2 ; 1
661.094 ; 0.034 ; 0.0112 ; 0.0019 ; g ; Te-124 ; 25 ; 9
662.27 ; 0.07 ; 0.0533 ; 0.0013 ; g ; Te-124 ; 20 ; 7
678.168 ; 0.042 ; 0.0037 ; 0.0012 ; g ; Te-124 ; 28 ; 12
707.407 ; 0.030 ; 0.0915 ; 0.0014 ; g ; Te-124 ; 28 ; 10
709.319 ; 0.008 ; 0.0448 ; 0.0013 ; g ; Te-124 ; 6 ; 2
713.82 ; 0.06 ; 0.0768 ; 0.0016 ; g ; Te-124 ; 7 ; 3
722.7838 ; 0.0032 ; 10.24 ; 0.06 ; g ; Te-124 ; 3 ; 1
735.775 ; 0.009 ; 0.006 ; 0.001 ; g ; Te-124 ; 19 ; 6
743.293 ; 0.026 ; 0.0128 ; 0.0008 ; g ; Te-124 ; 23 ; 8
766.087 ; 0.017 ; 0.0048 ; 0.0012 ; g ; Te-124 ; 8 ; 3
776.163 ; 0.034 ; 0.0121 ; 0.0008 ; g ; Te-124 ; 28 ; 9
790.76 ; 0.06 ; 0.0254 ; 0.0010 ; g ; Te-124 ; 7 ; 2
794.444 ; 0.034 ; 0.0025 ; 0.0006 ; g ; Te-124 ; 25 ; 8
795.56 ; 0.06 ; 0.0366 ; 0.0010 ; g ; Te-124 ; 23 ; 7
796.783 ; 0.030 ; 0.0037 ; 0.0019 ; g ; Te-124 ; 14 ; 4
846.71 ; 0.07 ; 0.0040 ; 0.0011 ; g ; Te-124 ; 25 ; 7
876.993 ; 0.022 ; 0.0226 ; 0.0009 ; g ; Te-124 ; 23 ; 6
899.437 ; 0.015 ; 0.0221 ; 0.0009 ; g ; Te-124 ; 9 ; 3
928.144 ; 0.031 ; 0.002 ; 0.001 ; g ; Te-124 ; 25 ; 6
961.78 ; 0.07 ; 0.0181 ; 0.0010 ; g ; Te-124 ; 28 ; 7
968.1939 ; 0.0038 ; 0.4375 ; 0.0035 ; g ; Te-124 ; 10 ; 3
976.369 ; 0.015 ; 0.0996 ; 0.0023 ; g ; Te-124 ; 9 ; 2
983.86 ; 0.07 ; 0.0143 ; 0.0031 ; g ; Te-124 ; 17 ; 4
997.433 ; 0.030 ; 0.026 ; 0.002 ; g ; Te-124 ; 12 ; 3
1045.1252 ; 0.0039 ; 0.4264 ; 0.0036 ; g ; Te-124 ; 10 ; 2
1054.551 ; 0.022 ; 0.1223 ; 0.0015 ; g ; Te-124 ; 4 ; 1
1086.444 ; 0.010 ; 0.0153 ; 0.0012 ; g ; Te-124 ; 13 ; 2
1128.550 ; 0.021 ; 0.0452 ; 0.0007 ; g ; Te-124 ; 14 ; 3
1195.811 ; 0.030 ; 0.0038 ; 0.0018 ; g ; Te-124 ; 16 ; 3
1205.482 ; 0.021 ; 0.0224 ; 0.0031 ; g ; Te-124 ; 14 ; 2
1315.63 ; 0.07 ; 0.0288 ; 0.0012 ; g ; Te-124 ; 17 ; 3
1325.5055 ; 0.0024 ; 1.556 ; 0.014 ; g ; Te-124 ; 3 ; 0
1355.167 ; 0.008 ; 0.0360 ; 0.0013 ; g ; Te-124 ; 6 ; 1
1368.158 ; 0.006 ; 0.2926 ; 0.0026 ; g ; Te-124 ; 19 ; 3
1376.089 ; 0.030 ; 1.751 ; 0.012 ; g ; Te-124 ; 20 ; 3
1392.56 ; 0.07 ; 0.014 ; 0.003 ; g ; Te-124 ; 17 ; 2
1436.60 ; 0.06 ; 0.0749 ; 0.0021 ; g ; Te-124 ; 7 ; 1
1445.089 ; 0.006 ; 0.0372 ; 0.0015 ; g ; Te-124 ; 19 ; 2
1488.866 ; 0.017 ; 0.1984 ; 0.0038 ; g ; Te-124 ; 8 ; 1
1509.375 ; 0.020 ; 3.160 ; 0.026 ; g ; Te-124 ; 23 ; 3
1560.526 ; 0.030 ; 0.1616 ; 0.0030 ; g ; Te-124 ; 25 ; 3
1586.306 ; 0.020 ; 0.009 ; 0.003 ; g ; Te-124 ; 23 ; 2
1622.216 ; 0.015 ; 0.0484 ; 0.0016 ; g ; Te-124 ; 9 ; 1
1637.457 ; 0.030 ; 0.2007 ; 0.0027 ; g ; Te-124 ; 25 ; 2
1662.72 ; 0.05 ; 0.0025 ; 0.0006 ; g ; Te-124 ; 27 ; 3
1675.595 ; 0.030 ; 0.1068 ; 0.0022 ; g ; Te-124 ; 28 ; 3
1690.9716 ; 0.0037 ; 10.89 ; 0.07 ; g ; Te-124 ; 10 ; 1
1705.68 ; 0.09 ; 0.0092 ; 0.0015 ; g ; Te-124 ; 11 ; 1
1720.21 ; 0.03 ; 0.1934 ; 0.0036 ; g ; Te-124 ; 12 ; 1
1752.526 ; 0.030 ; 0.0522 ; 0.0010 ; g ; Te-124 ; 28 ; 2
1851.327 ; 0.021 ; 0.2122 ; 0.0022 ; g ; Te-124 ; 14 ; 1
1918.587 ; 0.030 ; 0.1671 ; 0.0027 ; g ; Te-124 ; 16 ; 1
2038.41 ; 0.07 ; 0.3443 ; 0.0047 ; g ; Te-124 ; 17 ; 1
2078.714 ; 0.040 ; 0.3556 ; 0.0043 ; g ; Te-124 ; 18 ; 1
2090.933 ; 0.005 ; 0.596 ; 0.006 ; g ; Te-124 ; 19 ; 1
2098.864 ; 0.030 ; 0.1515 ; 0.0010 ; g ; Te-124 ; 20 ; 1
2144.293 ; 0.040 ; 0.1027 ; 0.0014 ; g ; Te-124 ; 21 ; 1
2214.73 ; 0.11 ; 0.006 ; 0.001 ; g ; Te-124 ; 22 ; 1
2232.149 ; 0.020 ; 0.579 ; 0.029 ; g ; Te-124 ; 23 ; 1
2256.15 ; 0.15 ; 0.0036 ; 0.0011 ; g ; Te-124 ; 24 ; 1
2283.30 ; 0.03 ; 0.650 ; 0.008 ; g ; Te-124 ; 25 ; 1
2293.6884 ; 0.0030 ; 0.0104 ; 0.0020 ; g ; Te-124 ; 10 ; 0
2385.49 ; 0.05 ; 0.0153 ; 0.0026 ; g ; Te-124 ; 27 ; 1
2454.043 ; 0.021 ; 0.0538 ; 0.0028 ; g ; Te-124 ; 14 ; 0
2681.429 ; 0.040 ; 0.0312 ; 0.0018 ; g ; Te-124 ; 18 ; 0
2747.008 ; 0.040 ; 0.495 ; 0.012 ; g ; Te-124 ; 21 ; 0
2988.20 ; 0.05 ; 0.0087 ; 0.0009 ; g ; Te-124 ; 27 ; 0
==========================================================================================================
