Nuclide ; Pr-147 
Element ; Praseodymium
Z ; 59
Daughter(s) ; (B-) ; Nd-147 ; 100
Q- ; 2703
Half-life (min) ; 13.4 ; 0.4
Half-life (s) ; 804 ; 24
Decay constant (1/s) ; 862E-6 ; 26E-6
Specific activity (Bq/g) ; 3.53E18 ; 0.11E18
Reference ; NDS 66 - 1999
Emissions (102 lines) sorted by increasing energy
------------------------------------------------------------------------------------------------------------------
Energy (keV) ; Ener. unc. (keV) ; Intensity (%) ; Int. unc. (%) ; Type ; Origin ; Lvl. start ; Lvl. end
5.767 ;  ; 15.8 ; 2.3 ; XL ; Nd ;  ;  ; 
36.8478 ;  ; 25.2 ; 1.3 ; XKa2 ; Nd ;  ;  ; 
37.3614 ;  ; 46.0 ; 2.3 ; XKa1 ; Nd ;  ;  ; 
42.3396 ;  ; 14.2 ; 0.8 ; XK'b1 ; Nd ;  ;  ; 
43.4447 ;  ; 3.6 ; 0.2 ; XK'b2 ; Nd ;  ;  ; 
49.9 ; 0.1 ; 5.6 ; 0.4 ; g ; Nd-147 ; -1 ; 0 ; 
77.99 ; 0.05 ; 14.3 ; 0.8 ; g ; Nd-147 ; -1 ; 1 ; 
86.68 ; 0.05 ; 4.3 ; 0.4 ; g ; Nd-147 ; -1 ; 2 ; 
100.0 ; 0.3 ; 0.70 ; 0.05 ; g ; Nd-147 ; -1 ; 3 ; 
127.78 ; 0.06 ; 5.7 ; 0.5 ; g ; Nd-147 ; -1 ; 4 ; 
140.62 ; 0.10 ; 0.35 ; 0.03 ; g ; Nd-147 ; -1 ; 5 ; 
186.8 ; 0.2 ; 0.47 ; 0.04 ; g ; Nd-147 ; -1 ; 6 ; 
190.47 ; 0.08 ; 0.60 ; 0.05 ; g ; Nd-147 ; -1 ; 7 ; 
214.6 ; 0.1 ; 0.96 ; 0.07 ; g ; Nd-147 ; -1 ; 8 ; 
249.5 ; 0.2 ; 0.89 ; 0.07 ; g ; Nd-147 ; -1 ; 9 ; 
264.7 ; 0.1 ; 0.086 ; 0.013 ; g ; Nd-147 ; -1 ; 10 ; 
306.0 ; 0.3 ; 0.057 ; 0.007 ; g ; Nd-147 ; -1 ; 11 ; 
314.68 ; 0.10 ; 12.5 ; 0.1 ; g ; Nd-147 ; -1 ; 12 ; 
328.99 ; 0.06 ; 2.45 ; 0.18 ; g ; Nd-147 ; -1 ; 13 ; 
335.85 ; 0.06 ; 2.96 ; 0.24 ; g ; Nd-147 ; -1 ; 14 ; 
366.5 ; 0.2 ; 0.285 ; 0.023 ; g ; Nd-147 ; -1 ; 15 ; 
372.4 ; 0.3 ; 0.131 ; 0.014 ; g ; Nd-147 ; -1 ; 16 ; 
388.82 ; 0.08 ; 0.83 ; 0.06 ; g ; Nd-147 ; -1 ; 17 ; 
413.7 ; 0.2 ; 0.63 ; 0.05 ; g ; Nd-147 ; -1 ; 18 ; 
466.88 ; 0.09 ; 0.95 ; 0.07 ; g ; Nd-147 ; -1 ; 19 ; 
477.74 ; 0.08 ; 2.85 ; 0.23 ; g ; Nd-147 ; -1 ; 20 ; 
503.3 ; 0.2 ; 0.336 ; 0.025 ; g ; Nd-147 ; -1 ; 21 ; 
516.6 ; 0.1 ; 0.67 ; 0.05 ; g ; Nd-147 ; -1 ; 22 ; 
525.4 ; 0.2 ; 0.131 ; 0.014 ; g ; Nd-147 ; -1 ; 23 ; 
554.61 ; 0.07 ; 3.36 ; 0.25 ; g ; Nd-147 ; -1 ; 24 ; 
577.91 ; 0.06 ; 8.0 ; 0.6 ; g ; Nd-147 ; -1 ; 25 ; 
581.4 ; 0.4 ; 0.125 ; 0.014 ; g ; Nd-147 ; -1 ; 26 ; 
604.4 ; 0.3 ; 0.40 ; 0.03 ; g ; Nd-147 ; -1 ; 27 ; 
614.5 ; 0.2 ; 0.325 ; 0.025 ; g ; Nd-147 ; -1 ; 28 ; 
627.5 ; 0.2 ; 0.217 ; 0.017 ; g ; Nd-147 ; -1 ; 29 ; 
631.5 ; 0.1 ; 0.40 ; 0.03 ; g ; Nd-147 ; -1 ; 30 ; 
641.48 ; 0.06 ; 9.5 ; 0.7 ; g ; Nd-147 ; -1 ; 31 ; 
664.6 ; 0.2 ; 0.228 ; 0.021 ; g ; Nd-147 ; -1 ; 32 ; 
699.5 ; 0.2 ; 0.182 ; 0.015 ; g ; Nd-147 ; -1 ; 33 ; 
706.0 ; 0.1 ; 0.319 ; 0.024 ; g ; Nd-147 ; -1 ; 34 ; 
719.1 ; 0.1 ; 0.41 ; 0.04 ; g ; Nd-147 ; -1 ; 35 ; 
769.1 ; 0.2 ; 0.262 ; 0.022 ; g ; Nd-147 ; -1 ; 36 ; 
794.24 ; 0.10 ; 0.83 ; 0.06 ; g ; Nd-147 ; -1 ; 37 ; 
796.8 ; 0.5 ; 0.142 ; 0.014 ; g ; Nd-147 ; -1 ; 38 ; 
800.3 ; 0.2 ; 0.120 ; 0.013 ; g ; Nd-147 ; -1 ; 39 ; 
814.1 ; 0.2 ; 0.057 ; 0.007 ; g ; Nd-147 ; -1 ; 40 ; 
847.1 ; 0.2 ; 0.120 ; 0.013 ; g ; Nd-147 ; -1 ; 41 ; 
853.9 ; 0.3 ; 0.057 ; 0.007 ; g ; Nd-147 ; -1 ; 42 ; 
881.5 ; 0.1 ; 0.228 ; 0.021 ; g ; Nd-147 ; -1 ; 43 ; 
887.0 ; 0.1 ; 0.268 ; 0.023 ; g ; Nd-147 ; -1 ; 44 ; 
903.76 ; 0.09 ; 0.58 ; 0.05 ; g ; Nd-147 ; -1 ; 45 ; 
918.8 ; 0.2 ; 0.257 ; 0.022 ; g ; Nd-147 ; -1 ; 46 ; 
942.10 ; 0.09 ; 0.56 ; 0.05 ; g ; Nd-147 ; -1 ; 47 ; 
949.4 ; 0.3 ; 0.050 ; 0.009 ; g ; Nd-147 ; -1 ; 48 ; 
995.97 ; 0.08 ; 0.83 ; 0.07 ; g ; Nd-147 ; -1 ; 49 ; 
1036.6 ; 0.2 ; 0.120 ; 0.013 ; g ; Nd-147 ; -1 ; 50 ; 
1084.0 ; 0.3 ; 0.47 ; 0.04 ; g ; Nd-147 ; -1 ; 51 ; 
1096.1 ; 0.3 ; 0.120 ; 0.013 ; g ; Nd-147 ; -1 ; 52 ; 
1100.1 ; 0.4 ; 0.257 ; 0.022 ; g ; Nd-147 ; -1 ; 53 ; 
1112.6 ; 0.3 ; 0.068 ; 0.012 ; g ; Nd-147 ; -1 ; 54 ; 
1129.9 ; 0.2 ; 0.160 ; 0.015 ; g ; Nd-147 ; -1 ; 55 ; 
1136.46 ; 0.09 ; 0.98 ; 0.08 ; g ; Nd-147 ; -1 ; 56 ; 
1157.2 ; 0.2 ; 0.091 ; 0.013 ; g ; Nd-147 ; -1 ; 57 ; 
1182.70 ; 0.08 ; 0.64 ; 0.05 ; g ; Nd-147 ; -1 ; 58 ; 
1197.9 ; 0.4 ; 0.023 ; 0.006 ; g ; Nd-147 ; -1 ; 59 ; 
1204.7 ; 0.3 ; 0.063 ; 0.012 ; g ; Nd-147 ; -1 ; 60 ; 
1214.3 ; 0.2 ; 0.274 ; 0.023 ; g ; Nd-147 ; -1 ; 61 ; 
1230.0 ; 0.1 ; 0.165 ; 0.015 ; g ; Nd-147 ; -1 ; 62 ; 
1261.11 ; 0.10 ; 2.62 ; 0.22 ; g ; Nd-147 ; -1 ; 63 ; 
1263.6 ; 0.2 ; 0.86 ; 0.07 ; g ; Nd-147 ; -1 ; 64 ; 
1300.42 ; 0.06 ; 1.54 ; 0.14 ; g ; Nd-147 ; -1 ; 65 ; 
1310.6 ; 0.1 ; 0.319 ; 0.024 ; g ; Nd-147 ; -1 ; 66 ; 
1358.6 ; 0.2 ; 0.108 ; 0.013 ; g ; Nd-147 ; -1 ; 67 ; 
1391.7 ; 0.3 ; 0.049 ; 0.009 ; g ; Nd-147 ; -1 ; 68 ; 
1398.3 ; 0.2 ; 0.043 ; 0.008 ; g ; Nd-147 ; -1 ; 69 ; 
1416.8 ; 0.1 ; 0.097 ; 0.013 ; g ; Nd-147 ; -1 ; 70 ; 
1465.4 ; 0.1 ; 0.068 ; 0.007 ; g ; Nd-147 ; -1 ; 71 ; 
1518.8 ; 0.7 ; 0.063 ; 0.012 ; g ; Nd-147 ; -1 ; 72 ; 
1543.9 ; 0.3 ; 0.177 ; 0.015 ; g ; Nd-147 ; -1 ; 73 ; 
1546.3 ; 0.5 ; 0.120 ; 0.013 ; g ; Nd-147 ; -1 ; 74 ; 
1559.9 ; 0.4 ; 0.040 ; 0.008 ; g ; Nd-147 ; -1 ; 75 ; 
1593.9 ; 0.4 ; 0.165 ; 0.020 ; g ; Nd-147 ; -1 ; 76 ; 
1606.2 ; 0.2 ; 0.068 ; 0.007 ; g ; Nd-147 ; -1 ; 77 ; 
1616.3 ; 0.3 ; 0.054 ; 0.009 ; g ; Nd-147 ; -1 ; 78 ; 
1623.60 ; 0.09 ; 0.142 ; 0.014 ; g ; Nd-147 ; -1 ; 79 ; 
1673.2 ; 0.1 ; 0.120 ; 0.013 ; g ; Nd-147 ; -1 ; 80 ; 
1683.2 ; 0.1 ; 0.057 ; 0.007 ; g ; Nd-147 ; -1 ; 81 ; 
1733.3 ; 0.1 ; 0.086 ; 0.013 ; g ; Nd-147 ; -1 ; 82 ; 
1754.6 ; 0.2 ; 0.048 ; 0.008 ; g ; Nd-147 ; -1 ; 83 ; 
1793.39 ; 0.10 ; 0.160 ; 0.015 ; g ; Nd-147 ; -1 ; 84 ; 
1808.0 ; 0.2 ; 0.049 ; 0.007 ; g ; Nd-147 ; -1 ; 85 ; 
1845.7 ; 0.1 ; 0.086 ; 0.013 ; g ; Nd-147 ; -1 ; 86 ; 
1941.7 ; 0.3 ; 0.050 ; 0.008 ; g ; Nd-147 ; -1 ; 87 ; 
1995.2 ; 0.2 ; 0.103 ; 0.013 ; g ; Nd-147 ; -1 ; 88 ; 
2077.2 ; 0.2 ; 0.029 ; 0.005 ; g ; Nd-147 ; -1 ; 89 ; 
2097.6 ; 0.4 ; 0.056 ; 0.007 ; g ; Nd-147 ; -1 ; 90 ; 
2108.7 ; 0.5 ; 0.011 ; 0.004 ; g ; Nd-147 ; -1 ; 91 ; 
2163.9 ; 0.6 ; 0.042 ; 0.005 ; g ; Nd-147 ; -1 ; 92 ; 
2209.0 ; 0.3 ; 0.114 ; 0.010 ; g ; Nd-147 ;  ;  ; 
2310.3 ; 0.3 ; 0.037 ; 0.004 ; g ; Nd-147 ; -1 ; 95 ; 
2315.6 ; 0.2 ; 0.086 ; 0.008 ; g ; Nd-147 ; -1 ; 96 ; 
2335.9 ; 0.2 ; 0.074 ; 0.007 ; g ; Nd-147 ; -1 ; 97 ; 
==================================================================================================================
