Nuclide ; Rh-106 
Element ; Rhodium
Z ; 45
Daughter(s) ; (B-) ; Pd-106 ; 100
Q- ; 3546
Possible parent(s) ; (B-) ; Ru-106 ; 100
Half-life (s) ; 30.1 ; 0.3
Decay constant (1/s) ; 23.03E-3 ; 0.23E-3
Specific activity (Bq/g) ; 130.8E18 ; 1.3E18
Reference ; NPL - 2013
Emissions (92 lines) sorted by increasing energy
----------------------------------------------------------------------------------------------------------
Energy (keV) ; Ener. unc. (keV) ; Intensity (%) ; Int. unc. (%) ; Type ; Origin ; Lvl. start ; Lvl. end
3.0295 ;  ; 0.00785 ; 0.00014 ; XL ; Pd-106 ;  ; 
21.0203 ;  ; 0.0310 ; 0.0005 ; XKa2 ; Pd-106 ;  ; 
21.1774 ;  ; 0.0586 ; 0.0009 ; XKa1 ; Pd-106 ;  ; 
23.8745 ;  ; 0.01608 ; 0.00029 ; XK'b1 ; Pd-106 ;  ; 
24.3217 ;  ; 0.00273 ; 0.00010 ; XK'b2 ; Pd-106 ;  ; 
428.49 ; 0.05 ; 0.0704 ; 0.0024 ; g ; Pd-106 ; 6 ; 3
434.23 ; 0.04 ; 0.020 ; 0.004 ; g ; Pd-106 ; 6 ; 2
439.23 ; 0.06 ; 0.0111 ; 0.0016 ; g ; Pd-106 ; 9 ; 6
511.8534 ; 0.0023 ; 20.52 ; 0.23 ; g ; Pd-106 ; 1 ; 0
578.42 ; 0.06 ; 0.0090 ; 0.0006 ; g ; Pd-106 ; 7 ; 2
616.16 ; 0.03 ; 0.731 ; 0.017 ; g ; Pd-106 ; 2 ; 1
621.90 ; 0.04 ; 9.87 ; 0.15 ; g ; Pd-106 ; 3 ; 1
680.23 ; 0.06 ; 0.0103 ; 0.0006 ; g ; Pd-106 ; 10 ; 6
684.80 ; 0.06 ; 0.00552 ; 0.00021 ; g ; Pd-106 ; 10 ; 5
702.8 ; 1.0 ; 0.00029 ; 0.00018 ; g ; Pd-106 ; 17 ; 9
715.86 ; 0.09 ; 0.0099 ; 0.0004 ; g ; Pd-106 ; 11 ; 6
717.44 ; 0.04 ; 0.0067 ; 0.0004 ; g ; Pd-106 ; 4 ; 1
751.26 ; 0.20 ; 0.00121 ; 0.00023 ; g ; Pd-106 ; 12 ; 5
873.46 ; 0.06 ; 0.435 ; 0.008 ; g ; Pd-106 ; 9 ; 2
942.63 ; 0.09 ; 0.00060 ; 0.00018 ; g ; Pd-106 ; 15 ; 5
1045.82 ; 0.04 ; 0.0131 ; 0.0016 ; g ; Pd-106 ; 5 ; 1
1050.39 ; 0.03 ; 1.490 ; 0.025 ; g ; Pd-106 ; 6 ; 1
1062.14 ; 0.06 ; 0.0304 ; 0.0019 ; g ; Pd-106 ; 16 ; 6
1108.71 ; 0.06 ; 0.0056 ; 0.0003 ; g ; Pd-106 ; 10 ; 3
1114.45 ; 0.06 ; 0.0117 ; 0.0003 ; g ; Pd-106 ; 10 ; 2
1128.01 ; 0.03 ; 0.398 ; 0.008 ; g ; Pd-106 ; 2 ; 0
1150.08 ; 0.09 ; 0.00287 ; 0.00017 ; g ; Pd-106 ; 11 ; 2
1159.90 ; 0.21 ; 0.00023 ; 0.00012 ; g ; Pd-106 ; 18 ; 5
1180.79 ; 0.06 ; 0.0144 ; 0.0003 ; g ; Pd-106 ; 12 ; 2
1194.58 ; 0.05 ; 0.0573 ; 0.0008 ; g ; Pd-106 ; 7 ; 1
1209.79 ; 0.08 ; 0.00039 ; 0.00008 ; g ; Pd-106 ; 13 ; 4
1258.71 ; 0.09 ; 0.00066 ; 0.00008 ; g ; Pd-106 ; 20 ; 6
1266.03 ; 0.09 ; 0.00109 ; 0.00010 ; g ; Pd-106 ; 21 ; 6
1305.33 ; 0.08 ; 0.00109 ; 0.00012 ; g ; Pd-106 ; 13 ; 3
1315.66 ; 0.08 ; 0.0030 ; 0.0005 ; g ; Pd-106 ; 22 ; 6
1355.60 ; 0.09 ; 0.00060 ; 0.00025 ; g ; Pd-106 ; 24 ; 6
1360.17 ; 0.09 ; 0.0018 ; 0.0004 ; g ; Pd-106 ; 24 ; 5
1372.28 ; 0.09 ; 0.00199 ; 0.00015 ; g ; Pd-106 ; 15 ; 2
1397.51 ; 0.16 ; 0.00277 ; 0.00021 ; g ; Pd-106 ; 8 ; 1
1489.61 ; 0.05 ; 0.0018 ; 0.0003 ; g ; Pd-106 ; 9 ; 1
1496.37 ; 0.06 ; 0.0240 ; 0.0017 ; g ; Pd-106 ; 16 ; 2
1498.73 ; 0.16 ; 0.0068 ; 0.0004 ; g ; Pd-106 ; 27 ; 5
1562.24 ; 0.03 ; 0.156 ; 0.008 ; g ; Pd-106 ; 6 ; 0
1572.47 ; 0.20 ; 0.00185 ; 0.00019 ; g ; Pd-106 ; 17 ; 3
1577.27 ; 0.09 ; 0.00105 ; 0.00016 ; g ; Pd-106 ; 17 ; 2
1687.2 ; 0.1 ; 0.00055 ; 0.00016 ; g ; Pd-106 ; 20 ; 3
1693.2 ; 0.3 ; 0.00082 ; 0.00014 ; g ; Pd-106 ; 20 ; 2
1730.44 ; 0.20 ; 0.00209 ; 0.00013 ; g ; Pd-106 ; 10 ; 1
1766.24 ; 0.09 ; 0.030 ; 0.005 ; g ; Pd-106 ; 11 ; 1
1774.44 ; 0.10 ; 0.00094 ; 0.00008 ; g ; Pd-106 ; 23 ; 2
1784.08 ; 0.09 ; 0.00043 ; 0.00012 ; g ; Pd-106 ; 24 ; 3
1796.95 ; 0.05 ; 0.0274 ; 0.0005 ; g ; Pd-106 ; 12 ; 1
1854.89 ; 0.20 ; 0.00125 ; 0.00010 ; g ; Pd-106 ; 28 ; 4
1909.28 ; 0.17 ; 0.00107 ; 0.00025 ; g ; Pd-106 ; 26 ; 2
1927.23 ; 0.07 ; 0.0147 ; 0.0004 ; g ; Pd-106 ; 13 ; 1
1954.9 ; 0.4 ; 0.00020 ; 0.00004 ; g ; Pd-106 ; 28 ; 2
1973.4 ; 0.8 ; 0.00017 ; 0.00004 ; g ; Pd-106 ; 14 ; 1
1988.44 ; 0.08 ; 0.0258 ; 0.0005 ; g ; Pd-106 ; 15 ; 1
2093.33 ; 0.25 ; 0.00029 ; 0.00006 ; g ; Pd-106 ; 30 ; 2
2112.52 ; 0.05 ; 0.0351 ; 0.0007 ; g ; Pd-106 ; 16 ; 1
2185.7 ; 0.5 ; 0.00025 ; 0.00006 ; g ; Pd-106 ; 35 ; 3
2193.17 ; 0.10 ; 0.00495 ; 0.00021 ; g ; Pd-106 ; 17 ; 1
2242.45 ; 0.05 ; 0.00195 ; 0.00008 ; g ; Pd-106 ; 10 ; 0
2271.86 ; 0.21 ; 0.00117 ; 0.00008 ; g ; Pd-106 ; 19 ; 1
2309.09 ; 0.09 ; 0.00575 ; 0.00016 ; g ; Pd-106 ; 20 ; 1
2316.41 ; 0.09 ; 0.00622 ; 0.00016 ; g ; Pd-106 ; 21 ; 1
2366.04 ; 0.07 ; 0.0232 ; 0.0007 ; g ; Pd-106 ; 22 ; 1
2390.6 ; 0.1 ; 0.00659 ; 0.00016 ; g ; Pd-106 ; 23 ; 1
2405.98 ; 0.08 ; 0.0145 ; 0.0004 ; g ; Pd-106 ; 24 ; 1
2439.07 ; 0.07 ; 0.00464 ; 0.00013 ; g ; Pd-106 ; 13 ; 0
2456.79 ; 0.21 ; 0.00022 ; 0.00004 ; g ; Pd-106 ; 25 ; 1
2484.63 ; 0.20 ; 0.00076 ; 0.00014 ; g ; Pd-106 ; 14 ; 0
2525.43 ; 0.17 ; 0.00011 ; 0.00003 ; g ; Pd-106 ; 26 ; 1
2542.79 ; 0.10 ; 0.00289 ; 0.00009 ; g ; Pd-106 ; 27 ; 1
2571.16 ; 0.20 ; 0.00133 ; 0.00006 ; g ; Pd-106 ; 28 ; 1
2651.39 ; 0.20 ; 0.00068 ; 0.00004 ; g ; Pd-106 ; 29 ; 1
2705.26 ; 0.08 ; 0.00248 ; 0.00013 ; g ; Pd-106 ; 17 ; 0
2709.48 ; 0.25 ; 0.00373 ; 0.00011 ; g ; Pd-106 ; 30 ; 1
2740.1 ; 0.4 ; 0.00021 ; 0.00004 ; g ; Pd-106 ; 32 ; 1
2788.2 ; 0.5 ; 0.000082 ; 0.000021 ; g ; Pd-106 ; 34 ; 1
2809.1 ; 0.3 ; 0.00062 ; 0.00004 ; g ; Pd-106 ; 35 ; 1
2821.2 ; 0.3 ; 0.00120 ; 0.00004 ; g ; Pd-106 ; 20 ; 0
2865 ; 1 ; 0.000014 ; 0.000008 ; g ; Pd-106 ; 36 ; 1
2902.6 ; 0.5 ; 0.000066 ; 0.000021 ; g ; Pd-106 ; 23 ; 0
2917.6 ; 0.3 ; 0.00094 ; 0.00004 ; g ; Pd-106 ; 24 ; 0
3037.3 ; 0.3 ; 0.00105 ; 0.00004 ; g ; Pd-106 ; 26 ; 0
3055.0 ; 0.3 ; 0.00036 ; 0.00004 ; g ; Pd-106 ; 27 ; 0
3164.6 ; 1.0 ; 0.000023 ; 0.000012 ; g ; Pd-106 ; 29 ; 0
3249.8 ; 0.5 ; 0.000086 ; 0.000016 ; g ; Pd-106 ; 31 ; 0
3273.4 ; 0.7 ; 0.000049 ; 0.000014 ; g ; Pd-106 ; 33 ; 0
3375.9 ; 1.4 ; 0.0000113 ; 0.0000021 ; g ; Pd-106 ; 36 ; 0
3401.8 ; 0.9 ; 0.0000125 ; 0.0000019 ; g ; Pd-106 ; 37 ; 0
==========================================================================================================
