Nuclide ; Sn-129m 
Element ; Tin
Z ; 50
Daughter(s) ; (B-) ; Sb-129 ; 100
Q- ; 4074
Half-life (min) ; 6.96 ; 0.09
Half-life (s) ; 418 ; 5
Decay constant (1/s) ; 1.660E-3 ; 0.021E-3
Specific activity (Bq/g) ; 7.75E18 ; 0.10E18
Reference ; LNE-LNHB - 2024
X and gamma emissions (101 lines) sorted by increasing energy
------------------------------------------------------------------------------------------------------------------
Energy (keV) ; Ener. unc. (keV) ; Intensity (%) ; Int. unc. (%) ; Type ; Origin ; Lvl. start ; Lvl. end
3.89105 ;  ; 3.15 ; 0.08 ; XL ; Sb ;  ;  ; 
9.75 ; 0.08 ; 0.000360 ; 0.000011 ; g ; Sb-129 ; 4 ; 3 ; 
26.1111 ;  ; 6.5 ; 0.1 ; XKa2 ; Sb ;  ;  ; 
26.3594 ;  ; 12.14 ; 0.17 ; XKa1 ; Sb ;  ;  ; 
29.7884 ;  ; 3.45 ; 0.07 ; XK'b1 ; Sb ;  ;  ; 
30.4466 ;  ; 0.715 ; 0.022 ; XK'b2 ; Sb ;  ;  ; 
39.06 ; 0.07 ; 0.0395 ; 0.0019 ; g ; Sb-129 ; 11 ; 10 ; 
44.07 ; 0.07 ; 0.835 ; 0.025 ; g ; Sb-129 ; 9 ; 7 ; 
50.14 ; 0.07 ; 1.389 ; 0.016 ; g ; Sb-129 ; 5 ; 4 ; 
61.50 ; 0.07 ; 0.526 ; 0.008 ; g ; Sb-129 ; 9 ; 5 ; 
67.57 ; 0.07 ; 1.83 ; 0.09 ; g ; Sb-129 ; 7 ; 4 ; 
69.65 ; 0.07 ; 1.480 ; 0.047 ; g ; Sb-129 ; 10 ; 6 ; 
77.32 ; 0.08 ; 4.03 ; 0.09 ; g ; Sb-129 ; 7 ; 3 ; 
79.32 ; 0.09 ; 0.12 ; 0.06 ; g ; Sb-129 ; 8 ; 4 ; 
80.76 ; 0.07 ; 0.95 ; 0.14 ; g ; Sb-129 ; 10 ; 5 ; 
82.50 ; 0.22 ; 0.2326 ; 0.0035 ; g ; Sb-129 ; 22 ; 16 ; 
108.71 ; 0.07 ; 0.716 ; 0.020 ; g ; Sb-129 ; 11 ; 6 ; 
111.64 ; 0.07 ; 0.773 ; 0.008 ; g ; Sb-129 ; 9 ; 4 ; 
117.30 ; 0.09 ; 1.599 ; 0.011 ; g ; Sb-129 ; 13 ; 11 ; 
119.82 ; 0.07 ; 2.424 ; 0.030 ; g ; Sb-129 ; 11 ; 5 ; 
122.98 ; 0.10 ; 2.01 ; 0.01 ; g ; Sb-129 ; 17 ; 12 ; 
130.90 ; 0.07 ; 0.174 ; 0.013 ; g ; Sb-129 ; 10 ; 4 ; 
135.75 ; 0.11 ; 0.096 ; 0.014 ; g ; Sb-129 ; 25 ; 18 ; 
145.3 ; 0.6 ; 0.591 ; 0.013 ; g ; Sb-129 ; 24 ; 15 ; 
156.08 ; 0.08 ; 0.540 ; 0.037 ; g ; Sb-129 ; 12 ; 10 ; 
159.33 ; 0.11 ; 0.406 ; 0.009 ; g ; Sb-129 ; 25 ; 17 ; 
175.34 ; 0.08 ; 0.467 ; 0.015 ; g ; Sb-129 ; 12 ; 9 ; 
219.41 ; 0.08 ; 3.151 ; 0.031 ; g ; Sb-129 ; 12 ; 7 ; 
236.84 ; 0.08 ; 1.620 ; 0.025 ; g ; Sb-129 ; 12 ; 5 ; 
258.30 ; 0.17 ; 0.0432 ; 0.0043 ; g ; Sb-129 ; 37 ; 27 ; 
279.06 ; 0.09 ; 0.46 ; 0.16 ; g ; Sb-129 ; 17 ; 10 ; 
286.13 ; 0.08 ; 0.60 ; 0.09 ; g ; Sb-129 ; 21 ; 11 ; 
295.86 ; 0.11 ; 3.008 ; 0.022 ; g ; Sb-129 ; 34 ; 25 ; 
297.29 ; 0.11 ; 0.298 ; 0.030 ; g ; Sb-129 ; 28 ; 17 ; 
298.70 ; 0.22 ; 3.008 ; 0.030 ; g ; Sb-129 ; 14 ; 6 ; 
306.96 ; 0.10 ; 0.26 ; 0.13 ; g ; Sb-129 ; 16 ; 8 ; 
311.39 ; 0.09 ; 2.106 ; 0.026 ; g ; Sb-129 ; 20 ; 10 ; 
320.82 ; 0.12 ; 3.67 ; 0.30 ; g ; Sb-129 ; 15 ; 5 ; 
321.90 ; 0.09 ; 0.475 ; 0.043 ; g ; Sb-129 ; 18 ; 9 ; 
336.14 ; 0.09 ; 0.501 ; 0.026 ; g ; Sb-129 ; 16 ; 5 ; 
340.26 ; 0.11 ; 0.216 ; 0.043 ; g ; Sb-129 ; 29 ; 17 ; 
368.58 ; 0.11 ; 0.341 ; 0.035 ; g ; Sb-129 ; 19 ; 7 ; 
386.01 ; 0.11 ; 0.203 ; 0.017 ; g ; Sb-129 ; 19 ; 5 ; 
409.06 ; 0.10 ; 2.94 ; 0.30 ; g ; Sb-129 ; 34 ; 21 ; 
416.70 ; 0.12 ; 0.824 ; 0.022 ; g ; Sb-129 ; 27 ; 12 ; 
422.86 ; 0.11 ; 1.455 ; 0.022 ; g ; Sb-129 ; 34 ; 20 ; 
425.16 ; 0.13 ; 0.35 ; 0.09 ; g ; Sb-129 ; 33 ; 19 ; 
426.40 ; 0.32 ; 0.729 ; 0.013 ; g ; Sb-129 ; 32 ; 17 ; 
446.32 ; 0.14 ; 0.570 ; 0.022 ; g ; Sb-129 ; 31 ; 15 ; 
451.35 ; 0.11 ; 0.60 ; 0.09 ; g ; Sb-129 ; 33 ; 17 ; 
505.80 ; 0.09 ; 0.047 ; 0.017 ; g ; Sb-129 ; 26 ; 7 ; 
505.89 ; 0.15 ; 5.74 ; 0.13 ; g ; Sb-129 ; 37 ; 21 ; 
508.04 ; 0.09 ; 1.08 ; 0.09 ; g ; Sb-129 ; 25 ; 6 ; 
519.15 ; 0.09 ; 0.855 ; 0.026 ; g ; Sb-129 ; 25 ; 5 ; 
574.33 ; 0.10 ; 0.311 ; 0.030 ; g ; Sb-129 ; 33 ; 12 ; 
578.65 ; 0.17 ; 1.34 ; 0.22 ; g ; Sb-129 ; 39 ; 20 ; 
593.06 ; 0.17 ; 0.846 ; 0.022 ; g ; Sb-129 ; 38 ; 17 ; 
619.32 ; 0.09 ; 1.817 ; 0.030 ; g ; Sb-129 ; 29 ; 10 ; 
688.97 ; 0.09 ; 1.101 ; 0.026 ; g ; Sb-129 ; 29 ; 6 ; 
695.19 ; 0.09 ; 2.616 ; 0.026 ; g ; Sb-129 ; 34 ; 11 ; 
699.62 ; 0.40 ; 0.993 ; 0.022 ; g ; Sb-129 ; 4 ; 2 ; 
716.04 ; 0.16 ; 2.516 ; 0.026 ; g ; Sb-129 ; 38 ; 12 ; 
732.41 ; 0.06 ; 0.4710 ; 0.0042 ; g ; Sb-129 ; 4 ; 1 ; 
760.87 ; 0.06 ; 20.4 ; 2.2 ; g ; Sb-129 ; 6 ; 2 ; 
782.55 ; 0.06 ; 13.884 ; 0.043 ; g ; Sb-129 ; 5 ; 1 ; 
827.4 ; 0.8 ; 0.548 ; 0.026 ; g ; Sb-129 ; 47 ; 20 ; 
844.58 ; 0.11 ; 0.60 ; 0.09 ; g ; Sb-129 ; 35 ; 6 ; 
850.34 ; 0.15 ; 0.151 ; 0.009 ; g ; Sb-129 ; 37 ; 9 ; 
891.61 ; 0.13 ; 0.647 ; 0.043 ; g ; Sb-129 ; 50 ; 21 ; 
902.37 ; 0.06 ; 4.575 ; 0.043 ; g ; Sb-129 ; 11 ; 1 ; 
962.01 ; 0.11 ; 0.0388 ; 0.0043 ; g ; Sb-129 ; 40 ; 6 ; 
1059.20 ; 0.22 ; 0.609 ; 0.017 ; g ; Sb-129 ; 44 ; 9 ; 
1066.00 ; 0.21 ; 0.501 ; 0.026 ; g ; Sb-129 ; 46 ; 11 ; 
1128.555 ; 0.040 ; 34.97 ; 0.06 ; g ; Sb-129 ; 1 ; 0 ; 
1141.90 ; 0.08 ; 1.86 ; 0.17 ; g ; Sb-129 ; 20 ; 2 ; 
1147.69 ; 0.09 ; 0.919 ; 0.022 ; g ; Sb-129 ; 45 ; 6 ; 
1155.70 ; 0.07 ; 7.005 ; 0.030 ; g ; Sb-129 ; 21 ; 2 ; 
1161.344 ; 0.040 ; 42.555 ; 0.043 ; g ; Sb-129 ; 2 ; 0 ; 
1174.69 ; 0.08 ; 0.609 ; 0.039 ; g ; Sb-129 ; 20 ; 1 ; 
1185.81 ; 0.21 ; 0.824 ; 0.035 ; g ; Sb-129 ; 46 ; 5 ; 
1188.49 ; 0.07 ; 2.503 ; 0.043 ; g ; Sb-129 ; 21 ; 1 ; 
1207.77 ; 0.09 ; 2.974 ; 0.026 ; g ; Sb-129 ; 23 ; 2 ; 
1225.80 ; 0.09 ; 2.266 ; 0.026 ; g ; Sb-129 ; 48 ; 6 ; 
1240.56 ; 0.09 ; 0.742 ; 0.039 ; g ; Sb-129 ; 23 ; 1 ; 
1268.90 ; 0.08 ; 0.733 ; 0.043 ; g ; Sb-129 ; 25 ; 2 ; 
1301.40 ; 0.12 ; 0.117 ; 0.017 ; g ; Sb-129 ; 51 ; 9 ; 
1352.07 ; 0.12 ; 1.77 ; 0.17 ; g ; Sb-129 ; 52 ; 7 ; 
1406.86 ; 0.09 ; 0.971 ; 0.013 ; g ; Sb-129 ; 28 ; 2 ; 
1436.08 ; 0.11 ; 2.383 ; 0.030 ; g ; Sb-129 ; 27 ; 1 ; 
1449.83 ; 0.09 ; 0.509 ; 0.017 ; g ; Sb-129 ; 29 ; 2 ; 
1503.62 ; 0.09 ; 2.007 ; 0.030 ; g ; Sb-129 ; 30 ; 2 ; 
1549.68 ; 0.10 ; 0.203 ; 0.017 ; g ; Sb-129 ; 31 ; 1 ; 
1597.55 ; 0.09 ; 1.778 ; 0.026 ; g ; Sb-129 ; 34 ; 1 ; 
1635.40 ; 0.21 ; 0.773 ; 0.017 ; g ; Sb-129 ; 36 ; 2 ; 
1720.55 ; 0.16 ; 1.373 ; 0.017 ; g ; Sb-129 ; 39 ; 2 ; 
1755.66 ; 0.11 ; 1.511 ; 0.043 ; g ; Sb-129 ; 40 ; 1 ; 
1819.60 ; 0.21 ; 0.345 ; 0.009 ; g ; Sb-129 ; 41 ; 1 ; 
1831.93 ; 0.40 ; 1.032 ; 0.013 ; g ; Sb-129 ; 42 ; 1 ; 
1885.23 ; 0.40 ; 0.237 ; 0.013 ; g ; Sb-129 ; 43 ; 1 ; 
2035.39 ; 0.12 ; 0.423 ; 0.013 ; g ; Sb-129 ; 49 ; 1 ; 
2145.44 ; 0.12 ; 3.164 ; 0.030 ; g ; Sb-129 ; 51 ; 1 ; 
==================================================================================================================
