Nuclide ; Th-233 
Element ; Thorium
Z ; 90
Daughter(s) ; (B-) ; Pa-233 ; 100
Q- ; 1243.1
Half-life (min) ; 22.15 ; 0.08
Half-life (s) ; 1.3290E3 ; 0.0048E3
Decay constant (1/s) ; 521.6E-6 ; 1.9E-6
Specific activity (Bq/g) ; 1.3480E18 ; 0.0049E18
Reference ; KRI - 2009
Emissions (143 lines) sorted by increasing energy
----------------------------------------------------------------------------------------------------------
Energy (keV) ; Ener. unc. (keV) ; Intensity (%) ; Int. unc. (%) ; Type ; Origin ; Lvl. start ; Lvl. end
6.65 ; 0.05 ; 0.0165 ; 0.0018 ; g ; Pa-233 ; 1 ; 0
16.483 ;  ; 8.2 ; 0.9 ; XL ; Pa-233 ;  ; 
29.373 ; 0.010 ; 2.17 ; 0.07 ; g ; Pa-233 ; 4 ; 2
57.10 ; 0.02 ; 0.0498 ; 0.0015 ; g ; Pa-233 ; 2 ; 0
63.92 ; 0.06 ; 0.0007 ; 0.0003 ; g ; Pa-233 ; 3 ; 1
70.49 ; 0.10 ; 0.0007 ; 0.0004 ; g ; Pa-233 ; 3 ; 0
74.51 ; 0.05 ; 0.0402 ; 0.0017 ; g ; Pa-233 ; 7 ; 5
86.477 ; 0.010 ; 1.843 ; 0.022 ; g ; Pa-233 ; 4 ; 0
87.99 ; 0.03 ; 0.1698 ; 0.0020 ; g ; Pa-233 ; 5 ; 1
92.288 ;  ; 0.39 ; 0.01 ; XKa2 ; Pa-233 ;  ; 
94.65 ; 0.05 ; 0.775 ; 0.009 ; g ; Pa-233 ; 5 ; 0
95.869 ;  ; 0.615 ; 0.013 ; XKa1 ; Pa-233 ;  ; 
105.2 ; 0.1 ; 0.041 ;  ; g ; Pa-233 ; -1 ; 2
108.363 ;  ; 0.235 ; 0.006 ; XK'b1 ; Pa-233 ;  ; 
108.5 ; 0.1 ; 0.0006 ;  ; g ; Pa-233 ; 9 ; 6
111.885 ;  ; 0.079 ; 0.003 ; XK'b2 ; Pa-233 ;  ; 
115.14 ; 0.05 ; 0.003 ; 0.007 ; g ; Pa-233 ; 8 ; 4
117.692 ; 0.020 ; 0.0029 ; 0.0003 ; g ; Pa-233 ; 9 ; 5
131.101 ; 0.025 ; 0.0508 ; 0.0013 ; g ; Pa-233 ; 8 ; 3
134.285 ; 0.020 ; 0.0018 ; 0.0005 ; g ; Pa-233 ; 10 ; 6
143.23 ; 0.02 ; 0.0114 ; 0.0007 ; g ; Pa-233 ; 10 ; 5
147.5 ;  ; 0.0018 ; 0.0006 ; g ; Pa-233 ; -1 ; 3
151.409 ; 0.020 ; 0.0067 ; 0.0003 ; g ; Pa-233 ; 10 ; 4
153.49 ; 0.18 ; 0.0407 ; 0.0007 ; g ; Pa-233 ; 11 ; 6
155.239 ; 0.020 ; 0.00023 ; 0.00003 ; g ; Pa-233 ; 9 ; 2
162.504 ;  ; 0.16 ;  ; g ; Pa-233 ; 11 ; 5
162.504 ; 0.012 ; 0.1674 ; 0.0026 ; g ; Pa-233 ; 7 ; 1
169.162 ; 0.010 ; 0.251 ; 0.004 ; g ; Pa-233 ; 7 ; 0
170.60 ; 0.06 ; 0.507 ; 0.009 ; g ; Pa-233 ; 11 ; 4
179.05 ; 0.08 ; 0.0278 ; 0.0007 ; g ; Pa-233 ; 17 ; 15
180.76 ; 0.03 ; 0.00011 ; 0.00003 ; g ; Pa-233 ; 10 ; 2
186.80 ; 0.18 ; 0.0209 ; 0.0009 ; g ; Pa-233 ; 11 ; 3
190.552 ; 0.014 ; 0.0861 ; 0.0015 ; g ; Pa-233 ; 12 ; 11
194.97 ; 0.07 ; 0.1073 ; 0.0017 ; g ; Pa-233 ; 8 ; 1
201.62 ; 0.05 ; 0.0221 ; 0.0008 ; g ; Pa-233 ; 8 ; 0
210.67 ; 0.08 ; 0.0178 ; 0.0011 ; g ; Pa-233 ; 17 ; 14
211.3 ; 0.2 ; 0.0202 ; 0.0009 ; g ; Pa-233 ; -1 ; 4
212.34 ; 0.05 ; 0.0065 ; 0.0006 ; g ; Pa-233 ; 9 ; 0
216.54 ; 0.08 ; 0.0130 ; 0.0007 ; g ; Pa-233 ; 13 ; 10
226.1 ; 0.2 ; 0.0171 ; 0.0007 ; g ; Pa-233 ; 18 ; 15
237.86 ; 0.06 ; 0.0019 ; 0.0004 ; g ; Pa-233 ; 10 ; 0
242.3 ;  ; 0.0029 ; 0.0006 ; g ; Pa-233 ; -1 ; 5
246.14 ; 0.06 ; 0.0041 ; 0.0006 ; g ; Pa-233 ; 12 ; 8
250.65 ; 0.16 ; 0.0047 ; 0.0003 ; g ; Pa-233 ; 11 ; 1
252.78 ; 0.09 ; 0.0066 ; 0.0003 ; g ; Pa-233 ; 13 ; 8
257.30 ; 0.15 ; 0.0524 ; 0.0012 ; g ; Pa-233 ; 11 ; 0
278.7 ; 0.4 ; 0.0047 ; 0.0006 ; g ; Pa-233 ; 12 ; 7
285.24 ; 0.07 ; 0.0154 ; 0.0009 ; g ; Pa-233 ; 13 ; 7
309.9 ;  ; 0.0032 ; 0.0003 ; g ; Pa-233 ; -1 ; 6
316.1 ;  ; 0.0037 ; 0.0004 ; g ; Pa-233 ; 14 ; 10
347.64 ; 0.06 ; 0.0145 ; 0.0008 ; g ; Pa-233 ; 15 ; 10
359.74 ; 0.04 ; 0.0869 ; 0.0012 ; g ; Pa-233 ; 13 ; 5
361.285 ; 0.022 ; 0.0218 ; 0.0006 ; g ; Pa-233 ; 12 ; 4
367.92 ; 0.07 ; 0.0037 ; 0.0007 ; g ; Pa-233 ; 13 ; 4
377.27 ; 0.11 ; 0.0275 ; 0.0009 ; g ; Pa-233 ; 12 ; 3
383.5 ;  ; 0.0019 ; 0.0006 ; g ; Pa-233 ; -1 ; 7
398.8 ; 0.5 ; 0.0111 ; 0.0007 ; g ; Pa-233 ; 19 ; 15
408.8 ; 0.5 ; 0.0005 ; 0.0004 ; g ; Pa-233 ; -1 ; 8
412.5 ; 0.5 ; 0.0083 ; 0.0007 ; g ; Pa-233 ; 16 ; 11
418.4 ; 0.5 ; 0.0091 ; 0.0007 ; g ; Pa-233 ; -1 ; 9
430.9 ; 0.4 ; 0.0178 ; 0.0004 ; g ; Pa-233 ; 19 ; 14
433.2 ; 0.4 ; 0.0117 ; 0.0004 ; g ; Pa-233 ; 20 ; 15
440.94 ; 0.04 ; 0.1912 ; 0.0023 ; g ; Pa-233 ; 12 ; 1
447.762 ; 0.020 ; 0.1043 ; 0.0014 ; g ; Pa-233 ; 12 ; 0
454.2 ; 0.5 ; 0.04 ;  ; g ; Pa-233 ; -1 ; 10
459.222 ; 0.007 ; 0.989 ; 0.012 ; g ; Pa-233 ; 14 ; 5
464.8 ;  ; 0.0026 ; 0.0003 ; g ; Pa-233 ; -1 ; 11
467.40 ; 0.06 ; 0.0144 ; 0.0004 ; g ; Pa-233 ; 14 ; 4
473.9 ; 0.5 ; 0.0033 ; 0.0007 ; g ; Pa-233 ; -1 ; 12
490.80 ; 0.06 ; 0.1078 ; 0.0016 ; g ; Pa-233 ; 15 ; 5
497.1 ; 0.4 ; 0.0128 ; 0.0004 ; g ; Pa-233 ; -1 ; 13
499.02 ; 0.04 ; 0.1576 ; 0.0021 ; g ; Pa-233 ; 15 ; 4
505.5 ; 0.6 ; 0.0055 ; 0.0003 ; g ; Pa-233 ; -1 ; 14
513.4 ; 0.4 ; 0.0133 ; 0.0004 ; g ; Pa-233 ; -1 ; 15
517.0 ; 0.4 ; 0.0046 ; 0.0003 ; g ; Pa-233 ; -1 ; 16
526.69 ; 0.06 ; 0.0463 ; 0.0011 ; g ; Pa-233 ; 17 ; 10
531.8 ; 0.4 ; 0.0070 ; 0.0007 ; g ; Pa-233 ; -1 ; 17
552.21 ; 0.08 ; 0.0165 ; 0.0005 ; g ; Pa-233 ; 17 ; 9
553.7 ;  ; 0.0030 ; 0.0003 ; g ; Pa-233 ; -1 ; 18
554.9 ;  ; 0.0031 ; 0.0003 ; g ; Pa-233 ; -1 ; 19
562.93 ; 0.08 ; 0.0545 ; 0.0007 ; g ; Pa-233 ; 17 ; 8
573.7 ; 0.4 ; 0.0332 ; 0.0010 ; g ; Pa-233 ; 18 ; 10
578.7 ;  ; 0.0017 ; 0.0005 ; g ; Pa-233 ; -1 ; 20
583.2 ;  ; 0.0016 ; 0.0005 ; g ; Pa-233 ; -1 ; 21
595.39 ; 0.06 ; 0.1178 ; 0.0016 ; g ; Pa-233 ; 17 ; 7
599.3 ; 0.2 ; 0.0294 ; 0.0005 ; g ; Pa-233 ; 18 ; 9
610.0 ; 0.3 ; 0.0567 ; 0.0012 ; g ; Pa-233 ; 18 ; 8
642.4 ; 0.2 ; 0.0202 ; 0.0005 ; g ; Pa-233 ; 18 ; 7
663.3 ; 0.5 ; 0.0037 ; 0.0005 ; g ; Pa-233 ; 16 ; 1
669.9 ; 0.5 ; 0.0018 ;  ; g ; Pa-233 ; 16 ; 0
669.901 ; 0.016 ; 0.504 ; 0.006 ; g ; Pa-233 ; 17 ; 5
678.04 ; 0.10 ; 0.0647 ; 0.0009 ; g ; Pa-233 ; 17 ; 4
681.2 ; 0.6 ; 0.0143 ; 0.0004 ; g ; Pa-233 ; -1 ; 22
690 ;  ; 0.0021 ; 0.0005 ; g ; Pa-233 ; -1 ; 23
698.5 ; 0.6 ; 0.0106 ; 0.0005 ; g ; Pa-233 ; -1 ; 24
703.7 ; 0.6 ; 0.0091 ; 0.0005 ; g ; Pa-233 ; -1 ; 25
707.8 ; 0.3 ; 0.0091 ; 0.0005 ; g ; Pa-233 ; 18 ; 6
717.0 ; 0.2 ; 0.0421 ; 0.0009 ; g ; Pa-233 ; 18 ; 5
725.1 ; 0.2 ; 0.0633 ; 0.0010 ; g ; Pa-233 ; 18 ; 4
727.8 ;  ; 0.0029 ; 0.0002 ; g ; Pa-233 ; -1 ; 26
741.1 ; 0.2 ; 0.0236 ; 0.0005 ; g ; Pa-233 ; 18 ; 3
744.9 ; 0.5 ; 0.0053 ; 0.0002 ; g ; Pa-233 ; -1 ; 27
751.6 ; 0.6 ; 0.0023 ; 0.0004 ; g ; Pa-233 ; -1 ; 28
757.90 ; 0.07 ; 0.0324 ; 0.0007 ; g ; Pa-233 ; 17 ; 1
764.55 ; 0.06 ; 0.0891 ; 0.0013 ; g ; Pa-233 ; 17 ; 0
767.5 ;  ; 0.0032 ; 0.0002 ; g ; Pa-233 ; -1 ; 29
774.0 ; 0.4 ; 0.0108 ; 0.0005 ; g ; Pa-233 ; -1 ; 30
783.2 ; 0.5 ; 0.0056 ; 0.0003 ; g ; Pa-233 ; 19 ; 8
784.2 ; 0.5 ; 0.0022 ; 0.0002 ; g ; Pa-233 ; -1 ; 31
805.0 ; 0.2 ; 0.0214 ; 0.0006 ; g ; Pa-233 ; 18 ; 1
806.4 ; 0.5 ; 0.0123 ; 0.0005 ; g ; Pa-233 ; 20 ; 9
811.6 ; 0.2 ; 0.0060 ; 0.0002 ; g ; Pa-233 ; 18 ; 0
815.9 ; 0.4 ; 0.0195 ; 0.0006 ; g ; Pa-233 ; 19 ; 7
817.0 ; 0.6 ; 0.0095 ; 0.0005 ; g ; Pa-233 ; 20 ; 8
832.0 ; 0.3 ; 0.0075 ;  ; g ; Pa-233 ; -1 ; 32
846.8 ; 0.7 ; 0.0013 ;  ; g ; Pa-233 ; -1 ; 33
849.5 ; 0.5 ; 0.0039 ; 0.0003 ; g ; Pa-233 ; 20 ; 7
870.7 ; 0.7 ; 0.0031 ; 0.0002 ; g ; Pa-233 ; -1 ; 34
874.0 ; 0.5 ; 0.00120 ; 0.00004 ; g ; Pa-233 ; -1 ; 35
880.9 ; 0.5 ; 0.0097 ; 0.0004 ; g ; Pa-233 ; 19 ; 6
890.1 ; 0.5 ; 0.1052 ; 0.0014 ; g ; Pa-233 ; 19 ; 5
898.3 ; 0.5 ; 0.0022 ; 0.0004 ; g ; Pa-233 ; 19 ; 4
918.9 ; 0.5 ; 0.006 ;  ; g ; Pa-233 ; -1 ; 36
935.2 ; 0.7 ; 0.0369 ; 0.0007 ; g ; Pa-233 ; -1 ; 37
941.9 ; 0.8 ; 0.0048 ; 0.0003 ; g ; Pa-233 ; -1 ; 38
942.8 ;  ; 0.0019 ; 0.0003 ; g ; Pa-233 ; -1 ; 39
948.3 ; 0.5 ; 0.0060 ; 0.0003 ; g ; Pa-233 ; 20 ; 3
955 ; 1 ; 0.0002 ; 0.0003 ; g ; Pa-233 ; -1 ; 40
960.8 ; 0.8 ; 0.0041 ; 0.0002 ; g ; Pa-233 ; -1 ; 41
962.8 ; 0.9 ; 0.0015 ; 0.0002 ; g ; Pa-233 ; -1 ; 42
968.2 ; 0.9 ; 0.0083 ; 0.0003 ; g ; Pa-233 ; -1 ; 43
978.2 ; 0.5 ; 0.0058 ; 0.0003 ; g ; Pa-233 ; 19 ; 1
984.8 ; 0.5 ; 0.0102 ; 0.0003 ; g ; Pa-233 ; 19 ; 0
994 ; 1 ; 0.0006 ; 0.0001 ; g ; Pa-233 ; -1 ; 44
1001 ; 1 ; 0.0008 ; 0.0002 ; g ; Pa-233 ; -1 ; 45
1007 ; 1 ; 0.0014 ; 0.0002 ; g ; Pa-233 ; -1 ; 46
1011 ; 1 ; 0.0019 ; 0.0002 ; g ; Pa-233 ; -1 ; 47
1026.5 ; 1.0 ; 0.0075 ;  ; g ; Pa-233 ; -1 ; 48
1092.5 ; 1.0 ; 0.006 ;  ; g ; Pa-233 ; -1 ; 49
1132.1 ;  ; 0.0006 ; 0.0002 ; g ; Pa-233 ; -1 ; 50
1139.1 ;  ; 0.0004 ; 0.0001 ; g ; Pa-233 ; -1 ; 51
1144 ; 1 ; 0.0027 ;  ; g ; Pa-233 ; -1 ; 52
1201 ; 1 ; 0.006 ;  ; g ; Pa-233 ; -1 ; 53
==========================================================================================================
