Nucléide ; Tl-200 
Élément ; Thallium
Z ; 81
Fils ; (B+, EC) ; Hg-200 ; 100
Q+ ; 2456
Père(s) possible(s) ; (B+, EC) ; Pb-200 ; 100
Période (d) ; 1,088 ; 0,005
Période (s) ; 94,00E3 ; 0,43E3
Constante radioactive (1/s) ; 7,374E-6 ; 0,034E-6
Activité spécifique (Bq/g) ; 22,20E15 ; 0,10E15
Référence ; NDS 108 - 2014
Émissions X et gamma (100 raies) triées par énergie croissante
------------------------------------------------------------------------------------------------------------------
Énergie (keV) ; Éner. inc. (keV) ; Intensité (%) ; Int. inc. (%) ; Type ; Origine ; Niv. déb. ; Niv. fin
11,495 ;  ; 31,8 ; 1,6 ; XL ; Hg ;  ;  ; 
68,89 ;  ; 24 ; 1 ; XKa2 ; Hg ;  ;  ; 
70,82 ;  ; 40,4 ; 1,7 ; XKa1 ; Hg ;  ;  ; 
76,857 ;  ; 0,031 ; 0,013 ; g ; Hg-200 ; -1 ; 0 ; 
80,2797 ;  ; 14,2 ; 0,6 ; XK'b1 ; Hg ;  ;  ; 
82,7463 ;  ; 3,38 ; 0,14 ; XK'b2 ; Hg ;  ;  ; 
115,7 ;  ; 0,017 ; 0,006 ; g ; Hg-200 ; -1 ; 1 ; 
116,51 ; 0,15 ; 0,113 ; 0,035 ; g ; Hg-200 ; -1 ; 2 ; 
148,026 ;  ; 0,0131 ; 0,0044 ; g ; Hg-200 ; -1 ; 3 ; 
182,17 ; 0,20 ; 0,052 ; 0,018 ; g ; Hg-200 ; -1 ; 4 ; 
203,135 ;  ; 0,0079 ; 0,0018 ; g ; Hg-200 ; -1 ; 5 ; 
252,01 ; 0,12 ; 0,279 ; 0,044 ; g ; Hg-200 ; -1 ; 6 ; 
252,3 ;  ; 0,096 ; 0,018 ; g ; Hg-200 ; -1 ; 7 ; 
272,0 ; 0,4 ; 0,035 ; 0,018 ; g ; Hg-200 ; -1 ; 8 ; 
289,35 ; 0,12 ; 0,514 ; 0,044 ; g ; Hg-200 ; -1 ; 9 ; 
309,18 ; 0,12 ; 0,262 ; 0,035 ; g ; Hg-200 ; -1 ; 10 ; 
338,75 ;  ; 0,026 ; 0,009 ; g ; Hg-200 ; -1 ; 11 ; 
341,375 ;  ; 0,017 ; 0,009 ; g ; Hg-200 ; -1 ; 12 ; 
367,942 ; 0,010 ; 87,0 ; 0,4 ; g ; Hg-200 ; -1 ; 13 ; 
383,2 ; 0,4 ; 0,052 ; 0,018 ; g ; Hg-200 ; -1 ; 14 ; 
387,3 ; 0,3 ; 0,157 ; 0,026 ; g ; Hg-200 ; -1 ; 15 ; 
398,25 ;  ; 0,023 ; 0,013 ; g ; Hg-200 ; -1 ; 16 ; 
398,6 ;  ; 0,0209 ; 0,0035 ; g ; Hg-200 ; -1 ; 17 ; 
464,0 ; 0,8 ; 0,026 ; 0,018 ; g ; Hg-200 ; -1 ; 18 ; 
469,0 ; 0,6 ; 0,061 ; 0,018 ; g ; Hg-200 ; -1 ; 19 ; 
476,82 ; 0,20 ; 0,323 ; 0,035 ; g ; Hg-200 ; -1 ; 20 ; 
480,3 ; 0,3 ; 0,079 ; 0,035 ; g ; Hg-200 ; -1 ; 21 ; 
485,62 ;  ; 0,0148 ; 0,0001 ; g ; Hg-200 ; -1 ; 22 ; 
496,2 ; 0,6 ; 0,079 ; 0,035 ; g ; Hg-200 ; -1 ; 23 ; 
511 ;  ; 0,80 ; 0,02 ; g511 ; Hg-200 ; -1 ; -1 ; 
520,91 ;  ; 0,026 ; 0,009 ; g ; Hg-200 ; -1 ; 24 ; 
521,40 ; 0,16 ; 0,28 ; 0,08 ; g ; Hg-200 ; -1 ; 25 ; 
533,0 ; 0,4 ; 0,044 ; 0,018 ; g ; Hg-200 ; -1 ; 26 ; 
541,2 ; 0,6 ; 0,026 ; 0,018 ; g ; Hg-200 ; -1 ; 27 ; 
544,5 ; 0,8 ; 0,061 ; 0,026 ; g ; Hg-200 ; -1 ; 28 ; 
556,7 ; 0,3 ; 0,096 ; 0,035 ; g ; Hg-200 ; -1 ; 29 ; 
565,1 ; 1,0 ; 0,035 ; 0,018 ; g ; Hg-200 ; -1 ; 30 ; 
579,28 ; 0,09 ; 13,7 ; 1,2 ; g ; Hg-200 ; -1 ; 31 ; 
591,65 ; 0,13 ; 0,29 ; 0,06 ; g ; Hg-200 ; -1 ; 32 ; 
612,08 ; 0,13 ; 0,244 ; 0,035 ; g ; Hg-200 ; -1 ; 33 ; 
626,5 ;  ; 0,079 ; 0,035 ; g ; Hg-200 ; -1 ; 34 ; 
628,63 ; 0,13 ; 0,84 ; 0,08 ; g ; Hg-200 ; -1 ; 35 ; 
661,35 ; 0,09 ; 2,27 ; 0,20 ; g ; Hg-200 ; -1 ; 36 ; 
689,05 ; 0,18 ; 0,113 ; 0,035 ; g ; Hg-200 ; -1 ; 37 ; 
694,3 ; 0,4 ; 0,035 ; 0,018 ; g ; Hg-200 ; -1 ; 38 ; 
701,56 ; 0,14 ; 1,56 ; 0,18 ; g ; Hg-200 ; -1 ; 39 ; 
711,75 ; 0,14 ; 0,270 ; 0,035 ; g ; Hg-200 ; -1 ; 40 ; 
718,6 ; 0,6 ; 0,044 ; 0,026 ; g ; Hg-200 ; -1 ; 41 ; 
720,6 ; 0,6 ; 0,044 ; 0,026 ; g ; Hg-200 ; -1 ; 42 ; 
783,6 ; 0,4 ; 0,57 ; 0,18 ; g ; Hg-200 ; -1 ; 43 ; 
787,1 ; 0,3 ; 1,03 ; 0,19 ; g ; Hg-200 ; -1 ; 44 ; 
828,32 ; 0,10 ; 10,8 ; 0,1 ; g ; Hg-200 ; -1 ; 45 ; 
872,8 ;  ; 0,017 ; 0,009 ; g ; Hg-200 ; -1 ; 46 ; 
873,8 ;  ; 0,052 ; 0,018 ; g ; Hg-200 ; -1 ; 47 ; 
886,15 ; 0,10 ; 2,02 ; 0,18 ; g ; Hg-200 ; -1 ; 48 ; 
898,52 ; 0,12 ; 0,619 ; 0,044 ; g ; Hg-200 ; -1 ; 49 ; 
936,1 ; 0,4 ; 0,061 ; 0,035 ; g ; Hg-200 ; -1 ; 50 ; 
975,3 ; 0,4 ; 0,079 ; 0,026 ; g ; Hg-200 ; -1 ; 51 ; 
1027,11 ; 0,20 ; 0,061 ; 0,018 ; g ; Hg-200 ; -1 ; 52 ; 
1029,2 ; 0,5 ; 0,00030 ; 0,00003 ; g ; Hg-200 ; -1 ; 53 ; 
1147,12 ; 0,20 ; 0,122 ; 0,035 ; g ; Hg-200 ; -1 ; 54 ; 
1167,1 ; 0,3 ; 0,105 ; 0,035 ; g ; Hg-200 ; -1 ; 55 ; 
1180,5 ; 0,3 ; 0,110 ; 0,035 ; g ; Hg-200 ; -1 ; 56 ; 
1202,37 ; 0,07 ; 0,113 ; 0,026 ; g ; Hg-200 ; -1 ; 57 ; 
1205,70 ; 0,09 ; 30 ; 3 ; g ; Hg-200 ; -1 ; 58 ; 
1225,50 ; 0,09 ; 3,3 ; 0,3 ; g ; Hg-200 ; -1 ; 59 ; 
1254,11 ; 0,11 ; 0,9 ; 0,1 ; g ; Hg-200 ; -1 ; 60 ; 
1262,97 ; 0,21 ; 0,78 ; 0,09 ; g ; Hg-200 ; -1 ; 61 ; 
1273,52 ; 0,10 ; 3,3 ; 0,2 ; g ; Hg-200 ; -1 ; 62 ; 
1291,11 ; 0,11 ; 0,60 ; 0,06 ; g ; Hg-200 ; -1 ; 63 ; 
1341,7 ; 0,5 ; 0,043 ; 0,018 ; g ; Hg-200 ; -1 ; 64 ; 
1350,35 ; 0,16 ; 0,148 ; 0,013 ; g ; Hg-200 ; -1 ; 65 ; 
1363,2 ; 0,3 ; 3,4 ; 0,4 ; g ; Hg-200 ; -1 ; 66 ; 
1366,8 ; 1,0 ; 0,9 ; 0,3 ; g ; Hg-200 ; -1 ; 67 ; 
1407,64 ; 0,11 ; 1,44 ; 0,16 ; g ; Hg-200 ; -1 ; 68 ; 
1477,78 ; 0,14 ; 0,152 ; 0,013 ; g ; Hg-200 ; -1 ; 69 ; 
1514,9 ; 0,1 ; 4,0 ; 0,4 ; g ; Hg-200 ; -1 ; 70 ; 
1570,45 ; 0,15 ; 0,27 ; 0,05 ; g ; Hg-200 ; -1 ; 71 ; 
1573,6 ; 1,0 ; 0,052 ; 0,026 ; g ; Hg-200 ; -1 ; 72 ; 
1604,50 ; 0,14 ; 1,17 ; 0,12 ; g ; Hg-200 ; -1 ; 73 ; 
1631,2 ; 0,3 ; 0,067 ; 0,015 ; g ; Hg-200 ; -1 ; 74 ; 
1693,35 ; 0,14 ; 0,079 ; 0,009 ; g ; Hg-200 ; -1 ; 75 ; 
1718,35 ; 0,14 ; 0,33 ; 0,03 ; g ; Hg-200 ; -1 ; 76 ; 
1746,40 ; 0,18 ; 0,057 ; 0,006 ; g ; Hg-200 ; -1 ; 77 ; 
1759,15 ; 0,14 ; 0,140 ; 0,035 ; g ; Hg-200 ; -1 ; 78 ; 
1759,9 ;  ; 0,0436 ; 0,0002 ; g ; Hg-200 ; -1 ; 79 ; 
1783,4 ; 0,4 ; 0,0140 ; 0,0035 ; g ; Hg-200 ; -1 ; 80 ; 
1861,0 ; 0,5 ; 0,0079 ; 0,0035 ; g ; Hg-200 ; -1 ; 81 ; 
1870,56 ; 0,22 ; 0,031 ; 0,006 ; g ; Hg-200 ; -1 ; 82 ; 
1906,30 ; 0,18 ; 0,114 ; 0,010 ; g ; Hg-200 ; -1 ; 83 ; 
1920,6 ; 0,3 ; 0,065 ; 0,008 ; g ; Hg-200 ; -1 ; 84 ; 
1928,7 ; 1,0 ; 0,0061 ; 0,0035 ; g ; Hg-200 ; -1 ; 85 ; 
1963,7 ; 0,3 ; 0,0157 ; 0,0044 ; g ; Hg-200 ; -1 ; 86 ; 
1975,3 ; 0,6 ; 0,045 ; 0,006 ; g ; Hg-200 ; -1 ; 87 ; 
2002,0 ; 0,4 ; 0,043 ; 0,006 ; g ; Hg-200 ; -1 ; 88 ; 
2020,6 ; 0,5 ; 0,0288 ; 0,0035 ; g ; Hg-200 ; -1 ; 89 ; 
2229 ; 1 ; 0,0035 ; 0,0018 ; g ; Hg-200 ; -1 ; 90 ; 
2274,0 ; 0,6 ; 0,0166 ; 0,0044 ; g ; Hg-200 ; -1 ; 91 ; 
2288,8 ; 1,0 ; 0,0035 ; 0,0018 ; g ; Hg-200 ; -1 ; 92 ; 
2296,4 ; 0,4 ; 0,0331 ; 0,0044 ; g ; Hg-200 ; -1 ; 93 ; 
==================================================================================================================
