Nuclide ; U-239 
Element ; Uranium
Z ; 92
Daughter(s) ; (B-) ; Np-239 ; 100
Q- ; 1261.5
Half-life (min) ; 23.46 ; 0.05
Half-life (s) ; 1.4076E3 ; 0.0030E3
Decay constant (1/s) ; 492.4E-6 ; 1.0E-6
Specific activity (Bq/g) ; 1.2408E18 ; 0.0026E18
Reference ; KRI - 2009
Emissions (158 lines) sorted by increasing energy
----------------------------------------------------------------------------------------------------------
Energy (keV) ; Ener. unc. (keV) ; Intensity (%) ; Int. unc. (%) ; Type ; Origin ; Lvl. start ; Lvl. end
16.681 ;  ; 16.1 ; 0.5 ; XL ; Np-239 ;  ; 
31.1310 ; 0.0012 ; 0.072 ; 0.004 ; g ; Np-239 ; 1 ; 0
43.06 ; 0.02 ; 0.013 ; 0.002 ; g ; Np-239 ; 4 ; 3
43.533 ; 0.001 ; 4.35 ; 0.28 ; g ; Np-239 ; 3 ; 1
46.6 ;  ; 0.009 ; 0.004 ; g ; Np-239 ; -1 ; 1
55.37 ; 0.05 ; 0.0000836 ; 0.0000020 ; g ; Np-239 ; 6 ; 4
71.210 ; 0.002 ; 0.00193 ; 0.00004 ; g ; Np-239 ; 2 ; 0
74.664 ; 0.001 ; 51.6 ; 1.3 ; g ; Np-239 ; 3 ; 0
86.72 ; 0.07 ; 0.055 ; 0.005 ; g ; Np-239 ; 4 ; 1
97.069 ;  ; 0.091 ; 0.003 ; XKa2 ; Np-239 ;  ; 
101.059 ;  ; 0.144 ; 0.005 ; XKa1 ; Np-239 ;  ; 
111.0 ; 0.2 ; 0.0202 ; 0.0005 ; g ; Np-239 ; 15 ; 11
114.1497 ;  ; 0.052 ; 0.002 ; XK'b1 ; Np-239 ;  ; 
117.727 ; 0.020 ; 0.113 ; 0.009 ; g ; Np-239 ; 4 ; 0
117.9227 ;  ; 0.018 ; 0.001 ; XK'b2 ; Np-239 ;  ; 
134.71 ; 0.13 ; 0.0019 ; 0.0003 ; g ; Np-239 ; -1 ; 2
142.5 ; 0.1 ; 0.0045 ; 0.0006 ; g ; Np-239 ; -1 ; 3
170.15 ; 0.05 ; 0.031 ; 0.001 ; g ; Np-239 ; 7 ; 2
174.07 ; 0.06 ; 0.0097 ; 0.0003 ; g ; Np-239 ; -1 ; 4
186.15 ; 0.04 ; 0.0288 ; 0.0007 ; g ; Np-239 ; 8 ; 3
187.28 ; 0.08 ; 0.0056 ; 0.0003 ; g ; Np-239 ; 10 ; 8
197.28 ; 0.12 ; 0.0024 ; 0.0003 ; g ; Np-239 ; 9 ; 7
201.18 ; 0.06 ; 0.0005 ; 0.0002 ; g ; Np-239 ; 24 ; 17
220.52 ; 0.04 ; 0.0282 ; 0.0007 ; g ; Np-239 ; -1 ; 5
236.28 ; 0.14 ; 0.00092 ; 0.00018 ; g ; Np-239 ; -1 ; 6
239.86 ; 0.05 ; 0.00087 ; 0.00023 ; g ; Np-239 ; 21 ; 16
255.37 ; 0.05 ; 0.0011 ; 0.0002 ; g ; Np-239 ; 21 ; 15
258.44 ; 0.06 ; 0.00073 ; 0.00018 ; g ; Np-239 ; 30 ; 19
260.80 ; 0.02 ; 0.0031 ; 0.0002 ; g ; Np-239 ; 8 ; 0
262.89 ; 0.19 ; 0.0008 ; 0.0003 ; g ; Np-239 ; -1 ; 7
265.44 ; 0.17 ; 0.0009 ; 0.0003 ; g ; Np-239 ; -1 ; 8
296.93 ; 0.13 ; 0.0014 ; 0.0002 ; g ; Np-239 ; 28 ; 18
301.95 ; 0.03 ; 0.0011 ; 0.0003 ; g ; Np-239 ; 26 ; 17
312.05 ; 0.03 ; 0.0006 ;  ; g ; Np-239 ; 32 ; 20
326.21 ; 0.07 ; 0.0044 ; 0.0002 ; g ; Np-239 ; 22 ; 13
330.14 ; 0.14 ; 0.00069 ; 0.00013 ; g ; Np-239 ; -1 ; 9
332.06 ; 0.14 ; 0.0012 ; 0.0002 ; g ; Np-239 ; -1 ; 10
345.13 ; 0.08 ; 0.0039 ; 0.0002 ; g ; Np-239 ; 30 ; 18
348.23 ; 0.18 ; 0.0007 ; 0.0003 ; g ; Np-239 ; -1 ; 11
351.33 ; 0.15 ; 0.0007 ; 0.0002 ; g ; Np-239 ; -1 ; 12
361.83 ; 0.08 ; 0.0044 ; 0.0003 ; g ; Np-239 ; -1 ; 13
373.51 ; 0.04 ; 0.025 ; 0.006 ; g ; Np-239 ; 10 ; 3
378.06 ; 0.06 ; 0.0101 ; 0.0004 ; g ; Np-239 ; 11 ; 3
381.27 ; 0.16 ; 0.0006 ; 0.0002 ; g ; Np-239 ; 11 ; 2
393.01 ; 0.18 ; 0.0006 ; 0.0002 ; g ; Np-239 ; -1 ; 14
395.19 ; 0.11 ; 0.0021 ; 0.0002 ; g ; Np-239 ; 25 ; 15
399.13 ; 0.13 ; 0.0016 ; 0.0003 ; g ; Np-239 ; 12 ; 3
400.55 ; 0.15 ; 0.0009 ; 0.0002 ; g ; Np-239 ; -1 ; 15
404.84 ; 0.18 ; 0.0009 ; 0.0003 ; g ; Np-239 ; -1 ; 16
434.71 ; 0.04 ; 0.0012 ; 0.0002 ; g ; Np-239 ; 32 ; 17
445.81 ; 0.12 ; 0.0011 ; 0.0002 ; g ; Np-239 ; -1 ; 17
448.18 ; 0.02 ; 0.0090 ; 0.0003 ; g ; Np-239 ; 10 ; 0
452.17 ; 0.12 ; 0.0016 ; 0.0002 ; g ; Np-239 ; -1 ; 18
455.63 ; 0.06 ; 0.0008 ; 0.0003 ; g ; Np-239 ; 14 ; 3
474.36 ; 0.06 ; 0.0017 ; 0.0002 ; g ; Np-239 ; 12 ; 0
478.13 ; 0.19 ; 0.00055 ; 0.00023 ; g ; Np-239 ; -1 ; 19
479.55 ; 0.14 ; 0.0010 ; 0.0002 ; g ; Np-239 ; -1 ; 20
486.87 ; 0.03 ; 0.0618 ; 0.0014 ; g ; Np-239 ; 13 ; 1
490.33 ; 0.13 ; 0.0007 ; 0.0001 ; g ; Np-239 ; -1 ; 21
492.76 ; 0.07 ; 0.0050 ; 0.0002 ; g ; Np-239 ; 15 ; 2
499.1 ; 0.1 ; 0.0021 ; 0.0002 ; g ; Np-239 ; 14 ; 1
502.12 ; 0.17 ; 0.0006 ; 0.0002 ; g ; Np-239 ; -1 ; 22
504.76 ; 0.08 ; 0.0052 ; 0.0003 ; g ; Np-239 ; 16 ; 3
506.80 ; 0.14 ; 0.0010 ; 0.0002 ; g ; Np-239 ; -1 ; 23
518.00 ; 0.02 ; 0.0045 ; 0.0003 ; g ; Np-239 ; 13 ; 0
522.12 ; 0.10 ; 0.0024 ; 0.0002 ; g ; Np-239 ; 18 ; 6
532.86 ; 0.10 ; 0.0023 ; 0.0002 ; g ; Np-239 ; 15 ; 1
541.32 ; 0.10 ; 0.0029 ; 0.0003 ; g ; Np-239 ; -1 ; 24
544.48 ; 0.09 ; 0.0036 ; 0.0003 ; g ; Np-239 ; 17 ; 4
547.99 ; 0.12 ; 0.0020 ; 0.0003 ; g ; Np-239 ; 16 ; 1
558.46 ; 0.17 ; 0.0006 ; 0.0002 ; g ; Np-239 ; -1 ; 25
560.63 ; 0.07 ; 0.0058 ; 0.0003 ; g ; Np-239 ; 29 ; 11
563.89 ; 0.04 ; 0.0004 ; 0.0002 ; g ; Np-239 ; 15 ; 0
567.88 ; 0.18 ; 0.0004 ; 0.0001 ; g ; Np-239 ; -1 ; 26
575.27 ; 0.05 ; 0.0131 ; 0.0004 ; g ; Np-239 ; -1 ; 27
577.15 ; 0.14 ; 0.0014 ; 0.0003 ; g ; Np-239 ; -1 ; 28
585.49 ; 0.14 ; 0.0012 ; 0.0002 ; g ; Np-239 ; -1 ; 29
587.62 ; 0.02 ; 0.0193 ; 0.0005 ; g ; Np-239 ; 17 ; 3
588.70 ; 0.08 ; 0.0055 ; 0.0003 ; g ; Np-239 ; 23 ; 8
591.82 ; 0.19 ; 0.0009 ; 0.0004 ; g ; Np-239 ; -1 ; 30
599.13 ; 0.15 ; 0.0007 ; 0.0002 ; g ; Np-239 ; -1 ; 31
602.79 ; 0.08 ; 0.0048 ; 0.0003 ; g ; Np-239 ; -1 ; 32
604.85 ; 0.06 ; 0.00096 ; 0.00027 ; g ; Np-239 ; -1 ; 33
607.96 ; 0.15 ; 0.0013 ; 0.0003 ; g ; Np-239 ; 23 ; 7
614.53 ; 0.17 ; 0.0006 ; 0.0002 ; g ; Np-239 ; -1 ; 34
618.03 ; 0.16 ; 0.0007 ; 0.0002 ; g ; Np-239 ; -1 ; 35
624.11 ; 0.07 ; 0.0062 ; 0.0003 ; g ; Np-239 ; 18 ; 2
629.00 ; 0.11 ; 0.0027 ; 0.0003 ; g ; Np-239 ; -1 ; 36
631.10 ; 0.03 ; 0.067 ; 0.002 ; g ; Np-239 ; 17 ; 1
644.253 ; 0.030 ; 0.0019 ; 0.0004 ; g ; Np-239 ; 32 ; 11
646.26 ; 0.10 ; 0.0029 ; 0.0003 ; g ; Np-239 ; 21 ; 6
649.79 ; 0.19 ; 0.0009 ; 0.0004 ; g ; Np-239 ; -1 ; 37
662.28 ; 0.02 ; 0.170 ; 0.005 ; g ; Np-239 ; 17 ; 0
664.17 ; 0.09 ; 0.0054 ; 0.0004 ; g ; Np-239 ; 18 ; 1
668.76 ; 0.18 ; 0.00055 ; 0.00018 ; g ; Np-239 ; -1 ; 38
670.88 ; 0.20 ; 0.0006 ; 0.0003 ; g ; Np-239 ; -1 ; 39
691.01 ; 0.06 ; 0.0074 ; 0.0003 ; g ; Np-239 ; -1 ; 40
692.61 ; 0.13 ; 0.0016 ; 0.0003 ; g ; Np-239 ; -1 ; 41
695.23 ; 0.02 ; 0.0036 ; 0.0003 ; g ; Np-239 ; 18 ; 0
701.21 ; 0.10 ; 0.0024 ; 0.0002 ; g ; Np-239 ; -1 ; 42
703.63 ; 0.10 ; 0.0023 ; 0.0002 ; g ; Np-239 ; 26 ; 8
707.38 ; 0.09 ; 0.0022 ; 0.0002 ; g ; Np-239 ; 19 ; 3
710.35 ; 0.15 ; 0.003 ;  ; g ; Np-239 ; 20 ; 3
714.22 ; 0.09 ; 0.0030 ; 0.0003 ; g ; Np-239 ; -1 ; 43
722.85 ; 0.04 ; 0.0270 ; 0.0007 ; g ; Np-239 ; 26 ; 7
727.52 ; 0.10 ; 0.0026 ; 0.0003 ; g ; Np-239 ; 23 ; 5
730.95 ; 0.06 ; 0.0090 ; 0.0003 ; g ; Np-239 ; -1 ; 44
746.06 ; 0.11 ; 0.0043 ; 0.0005 ; g ; Np-239 ; -1 ; 45
748.09 ; 0.03 ; 0.0890 ; 0.0004 ; g ; Np-239 ; 21 ; 2
752.84 ; 0.08 ; 0.0013 ; 0.0003 ; g ; Np-239 ; 29 ; 8
764.04 ; 0.11 ; 0.0026 ; 0.0003 ; g ; Np-239 ; -1 ; 46
768.15 ; 0.11 ; 0.0020 ; 0.0002 ; g ; Np-239 ; -1 ; 47
769.52 ; 0.17 ; 0.0004 ; 0.0001 ; g ; Np-239 ; -1 ; 48
772.94 ; 0.09 ; 0.0029 ; 0.0002 ; g ; Np-239 ; 22 ; 2
774.77 ; 0.04 ; 0.015 ; 0.004 ; g ; Np-239 ; 23 ; 3
779.57 ; 0.14 ; 0.0006 ; 0.0001 ; g ; Np-239 ; 30 ; 8
788.19 ; 0.07 ; 0.0049 ; 0.0002 ; g ; Np-239 ; 21 ; 1
791.13 ; 0.05 ; 0.0075 ; 0.0002 ; g ; Np-239 ; 26 ; 6
795.13 ; 0.15 ; 0.0008 ; 0.0002 ; g ; Np-239 ; -1 ; 49
812.89 ; 0.03 ; 0.0685 ; 0.0003 ; g ; Np-239 ; 22 ; 1
819.26 ; 0.03 ; 0.129 ; 0.003 ; g ; Np-239 ; 21 ; 0
829.59 ; 0.17 ; 0.00046 ; 0.00013 ; g ; Np-239 ; -1 ; 50
831.89 ; 0.09 ; 0.0021 ; 0.0002 ; g ; Np-239 ; -1 ; 51
841.45 ; 0.04 ; 0.0025 ; 0.0004 ; g ; Np-239 ; 25 ; 4
844.10 ; 0.03 ; 0.139 ; 0.003 ; g ; Np-239 ; 22 ; 0
846.39 ; 0.04 ; 0.0312 ; 0.0008 ; g ; Np-239 ; 26 ; 4
849.44 ; 0.09 ; 0.0020 ; 0.0002 ; g ; Np-239 ; 23 ; 0
862.56 ; 0.18 ; 0.0004 ; 0.0001 ; g ; Np-239 ; -1 ; 52
867.11 ; 0.11 ; 0.00076 ; 0.00008 ; g ; Np-239 ; 30 ; 6
869.57 ; 0.09 ; 0.0016 ; 0.0001 ; g ; Np-239 ; 28 ; 5
874.43 ; 0.03 ; 0.0033 ; 0.0002 ; g ; Np-239 ; 28 ; 4
884.45 ; 0.05 ; 0.0086 ; 0.0002 ; g ; Np-239 ; 25 ; 3
887.97 ; 0.03 ; 0.0023 ; 0.0002 ; g ; Np-239 ; 25 ; 2
889.49 ; 0.04 ; 0.0209 ; 0.0005 ; g ; Np-239 ; 26 ; 3
895.15 ; 0.15 ; 0.0008 ; 0.0002 ; g ; Np-239 ; 27 ; 2
913.68 ; 0.09 ; 0.0019 ; 0.0001 ; g ; Np-239 ; -1 ; 53
917.40 ; 0.08 ; 0.0027 ; 0.0001 ; g ; Np-239 ; 28 ; 3
920.95 ; 0.08 ; 0.0026 ; 0.0001 ; g ; Np-239 ; 28 ; 2
922.83 ; 0.13 ; 0.0006 ; 0.0001 ; g ; Np-239 ; 30 ; 4
928.05 ; 0.03 ; 0.0051 ; 0.0002 ; g ; Np-239 ; 25 ; 1
931.51 ; 0.05 ; 0.0053 ; 0.0003 ; g ; Np-239 ; 31 ; 4
933.09 ; 0.03 ; 0.0262 ; 0.0006 ; g ; Np-239 ; 26 ; 1
938.98 ; 0.08 ; 0.00031 ; 0.00008 ; g ; Np-239 ; 29 ; 3
948.88 ; 0.19 ; 0.00024 ; 0.00010 ; g ; Np-239 ; -1 ; 54
959.18 ; 0.03 ; 0.0078 ; 0.0003 ; g ; Np-239 ; 25 ; 0
960.99 ; 0.05 ; 0.0105 ; 0.0003 ; g ; Np-239 ; 28 ; 1
964.23 ; 0.02 ; 0.0905 ; 0.0020 ; g ; Np-239 ; 26 ; 0
970.07 ; 0.14 ; 0.0009 ; 0.0002 ; g ; Np-239 ; -1 ; 55
974.58 ; 0.04 ; 0.00040 ; 0.00008 ; g ; Np-239 ; 31 ; 3
988.51 ; 0.14 ; 0.00044 ; 0.00009 ; g ; Np-239 ; -1 ; 56
992.16 ; 0.02 ; 0.0028 ; 0.0001 ; g ; Np-239 ; 28 ; 0
1002.40 ; 0.13 ; 0.00049 ; 0.00009 ; g ; Np-239 ; -1 ; 57
1005.27 ; 0.13 ; 0.0006 ; 0.0001 ; g ; Np-239 ; -1 ; 58
1009.38 ; 0.18 ; 0.0003 ; 0.0001 ; g ; Np-239 ; -1 ; 59
1040.37 ; 0.04 ; 0.0011 ; 0.0001 ; g ; Np-239 ; 30 ; 0
1065.76 ; 0.12 ; 0.00059 ; 0.00008 ; g ; Np-239 ; 32 ; 1
1096.99 ; 0.03 ; 0.0016 ; 0.0001 ; g ; Np-239 ; 32 ; 0
1101.99 ; 0.16 ; 0.00031 ; 0.00001 ; g ; Np-239 ; -1 ; 60
==========================================================================================================
