Nuclide ; Xe-138 
Element ; Xenon
Z ; 54
Daughter(s) ; (B-) ; Cs-138 ; 100
Q- ; 2915
Possible parent(s) ; (B-) ; I-138 ; 100
Half-life (min) ; 14.08 ; 0.08
Half-life (s) ; 844.8 ; 4.8
Decay constant (1/s) ; 820.5E-6 ; 4.7E-6
Specific activity (Bq/g) ; 3.580E18 ; 0.020E18
Reference ; NDS 69 - 1999
Emissions (102 lines) sorted by increasing energy
------------------------------------------------------------------------------------------------------------------
Energy (keV) ; Ener. unc. (keV) ; Intensity (%) ; Int. unc. (%) ; Type ; Origin ; Lvl. start ; Lvl. end
4.674 ;  ; 5.9 ; 1.7 ; XL ; Cs ;  ;  ; 
4.85 ; 0.05 ; 0.19 ; 0.03 ; g ; Cs-138 ; -1 ; 0 ; 
10.85 ; 0.05 ; 0.70 ; 0.05 ; g ; Cs-138 ; -1 ; 1 ; 
30.6254 ;  ; 0.63 ; 0.03 ; XKa2 ; Cs ;  ;  ; 
30.9731 ;  ; 1.16 ; 0.05 ; XKa1 ; Cs ;  ;  ; 
35.053 ;  ; 0.34 ; 0.02 ; XK'b1 ; Cs ;  ;  ; 
35.9003 ;  ; 0.084 ; 0.004 ; XK'b2 ; Cs ;  ;  ; 
68.3 ; 0.2 ; 0.047 ; 0.016 ; g ; Cs-138 ; -1 ; 2 ; 
137.2 ; 0.2 ; 0.07 ; 0.04 ; g ; Cs-138 ; -1 ; 3 ; 
153.858 ; 0.003 ; 5.95 ; 0.25 ; g ; Cs-138 ; -1 ; 4 ; 
242.56 ; 0.05 ; 3.50 ; 0.14 ; g ; Cs-138 ; -1 ; 5 ; 
258.411 ; 0.020 ; 31.5 ; 1.3 ; g ; Cs-138 ; -1 ; 6 ; 
282.51 ; 0.06 ; 0.428 ; 0.020 ; g ; Cs-138 ; -1 ; 7 ; 
325.3 ; 0.3 ; 0.023 ; 0.008 ; g ; Cs-138 ; -1 ; 8 ; 
329.4 ; 0.5 ; 0.015 ; 0.008 ; g ; Cs-138 ; -1 ; 9 ; 
335.28 ; 0.09 ; 0.107 ; 0.011 ; g ; Cs-138 ; -1 ; 10 ; 
371.44 ; 0.05 ; 0.50 ; 0.03 ; g ; Cs-138 ; -1 ; 11 ; 
396.513 ; 0.010 ; 6.3 ; 0.3 ; g ; Cs-138 ; -1 ; 12 ; 
401.36 ; 0.05 ; 2.17 ; 0.13 ; g ; Cs-138 ; -1 ; 13 ; 
434.56 ; 0.05 ; 20.3 ; 0.9 ; g ; Cs-138 ; -1 ; 14 ; 
500.22 ; 0.06 ; 0.362 ; 0.018 ; g ; Cs-138 ; -1 ; 15 ; 
530.07 ; 0.07 ; 0.252 ; 0.016 ; g ; Cs-138 ; -1 ; 16 ; 
534.0 ; 0.6 ; 0.015 ; 0.006 ; g ; Cs-138 ; -1 ; 17 ; 
537.76 ; 0.13 ; 0.117 ; 0.017 ; g ; Cs-138 ; -1 ; 18 ; 
540.8 ; 0.6 ; 0.022 ; 0.013 ; g ; Cs-138 ; -1 ; 19 ; 
555.95 ; 0.09 ; 0.117 ; 0.014 ; g ; Cs-138 ; -1 ; 20 ; 
568.53 ; 0.06 ; 0.306 ; 0.019 ; g ; Cs-138 ; -1 ; 21 ; 
579.68 ; 0.14 ; 0.076 ; 0.013 ; g ; Cs-138 ; -1 ; 22 ; 
586.0 ; 0.4 ; 0.019 ; 0.007 ; g ; Cs-138 ; -1 ; 23 ; 
588.84 ; 0.08 ; 0.123 ; 0.011 ; g ; Cs-138 ; -1 ; 24 ; 
619.7 ; 0.5 ; 0.022 ; 0.013 ; g ; Cs-138 ; -1 ; 25 ; 
647.2 ; 0.5 ; 0.016 ; 0.010 ; g ; Cs-138 ; -1 ; 26 ; 
654.08 ; 0.08 ; 0.145 ; 0.014 ; g ; Cs-138 ; -1 ; 27 ; 
675.37 ; 0.15 ; 0.072 ; 0.013 ; g ; Cs-138 ; -1 ; 28 ; 
680.24 ; 0.19 ; 0.054 ; 0.013 ; g ; Cs-138 ; -1 ; 29 ; 
691.5 ; 0.4 ; 0.032 ; 0.013 ; g ; Cs-138 ; -1 ; 30 ; 
693.53 ; 0.16 ; 0.088 ; 0.013 ; g ; Cs-138 ; -1 ; 31 ; 
697.6 ; 0.4 ; 0.022 ; 0.010 ; g ; Cs-138 ; -1 ; 32 ; 
703.58 ; 0.17 ; 0.057 ; 0.010 ; g ; Cs-138 ; -1 ; 33 ; 
733.9 ; 0.4 ; 0.032 ; 0.010 ; g ; Cs-138 ; -1 ; 34 ; 
755.0 ; 0.6 ; 0.025 ; 0.013 ; g ; Cs-138 ; -1 ; 35 ; 
774.21 ; 0.15 ; 0.066 ; 0.010 ; g ; Cs-138 ; -1 ; 36 ; 
778.10 ; 0.19 ; 0.044 ; 0.010 ; g ; Cs-138 ; -1 ; 37 ; 
792.9 ; 0.4 ; 0.022 ; 0.010 ; g ; Cs-138 ; -1 ; 38 ; 
799.6 ; 0.6 ; 0.016 ; 0.010 ; g ; Cs-138 ; -1 ; 39 ; 
816.06 ; 0.18 ; 0.072 ; 0.013 ; g ; Cs-138 ; -1 ; 40 ; 
848.7 ; 0.3 ; 0.044 ; 0.013 ; g ; Cs-138 ; -1 ; 41 ; 
851.30 ; 0.17 ; 0.069 ; 0.013 ; g ; Cs-138 ; -1 ; 42 ; 
865.82 ; 0.07 ; 0.296 ; 0.022 ; g ; Cs-138 ; -1 ; 43 ; 
869.35 ; 0.06 ; 0.62 ; 0.04 ; g ; Cs-138 ; -1 ; 44 ; 
896.87 ; 0.12 ; 0.132 ; 0.014 ; g ; Cs-138 ; -1 ; 45 ; 
902.3 ; 0.3 ; 0.044 ; 0.013 ; g ; Cs-138 ; -1 ; 46 ; 
912.51 ; 0.07 ; 0.328 ; 0.022 ; g ; Cs-138 ; -1 ; 47 ; 
917.13 ; 0.06 ; 0.92 ; 0.05 ; g ; Cs-138 ; -1 ; 48 ; 
936.36 ; 0.11 ; 0.135 ; 0.014 ; g ; Cs-138 ; -1 ; 49 ; 
941.25 ; 0.08 ; 0.230 ; 0.018 ; g ; Cs-138 ; -1 ; 50 ; 
946.63 ; 0.20 ; 0.063 ; 0.013 ; g ; Cs-138 ; -1 ; 51 ; 
953.1 ; 0.5 ; 0.028 ; 0.013 ; g ; Cs-138 ; -1 ; 52 ; 
996.8 ; 0.3 ; 0.063 ; 0.016 ; g ; Cs-138 ; -1 ; 53 ; 
1076.38 ; 0.22 ; 0.088 ; 0.016 ; g ; Cs-138 ; -1 ; 54 ; 
1093.87 ; 0.09 ; 0.41 ; 0.03 ; g ; Cs-138 ; -1 ; 55 ; 
1098.77 ; 0.11 ; 0.214 ; 0.018 ; g ; Cs-138 ; -1 ; 56 ; 
1102.24 ; 0.17 ; 0.107 ; 0.014 ; g ; Cs-138 ; -1 ; 57 ; 
1114.29 ; 0.10 ; 1.47 ; 0.09 ; g ; Cs-138 ; -1 ; 58 ; 
1141.64 ; 0.09 ; 0.51 ; 0.04 ; g ; Cs-138 ; -1 ; 59 ; 
1145.44 ; 0.18 ; 0.132 ; 0.020 ; g ; Cs-138 ; -1 ; 60 ; 
1153.6 ; 0.5 ; 0.032 ; 0.016 ; g ; Cs-138 ; -1 ; 61 ; 
1160.96 ; 0.18 ; 0.098 ; 0.013 ; g ; Cs-138 ; -1 ; 62 ; 
1189.54 ; 0.21 ; 0.082 ; 0.013 ; g ; Cs-138 ; -1 ; 63 ; 
1194.94 ; 0.20 ; 0.088 ; 0.013 ; g ; Cs-138 ; -1 ; 64 ; 
1204.5 ; 0.4 ; 0.035 ; 0.013 ; g ; Cs-138 ; -1 ; 65 ; 
1218.7 ; 0.5 ; 0.038 ; 0.016 ; g ; Cs-138 ; -1 ; 66 ; 
1228.3 ; 0.4 ; 0.063 ; 0.023 ; g ; Cs-138 ; -1 ; 67 ; 
1311.07 ; 0.24 ; 0.085 ; 0.016 ; g ; Cs-138 ; -1 ; 68 ; 
1356.6 ; 0.4 ; 0.050 ; 0.016 ; g ; Cs-138 ; -1 ; 69 ; 
1361.9 ; 0.6 ; 0.035 ; 0.016 ; g ; Cs-138 ; -1 ; 70 ; 
1381.4 ; 0.3 ; 0.069 ; 0.016 ; g ; Cs-138 ; -1 ; 71 ; 
1385.5 ; 0.3 ; 0.076 ; 0.016 ; g ; Cs-138 ; -1 ; 72 ; 
1473.2 ; 0.3 ; 0.069 ; 0.013 ; g ; Cs-138 ; -1 ; 73 ; 
1548.9 ; 0.4 ; 0.076 ; 0.019 ; g ; Cs-138 ; -1 ; 74 ; 
1571.84 ; 0.16 ; 0.26 ; 0.03 ; g ; Cs-138 ; -1 ; 75 ; 
1578.1 ; 0.5 ; 0.050 ; 0.019 ; g ; Cs-138 ; -1 ; 76 ; 
1614.57 ; 0.18 ; 0.24 ; 0.03 ; g ; Cs-138 ; -1 ; 77 ; 
1646.5 ; 0.3 ; 0.066 ; 0.013 ; g ; Cs-138 ; -1 ; 78 ; 
1768.26 ; 0.13 ; 16.7 ; 0.7 ; g ; Cs-138 ; -1 ; 79 ; 
1783.4 ; 0.6 ; 0.038 ; 0.016 ; g ; Cs-138 ; -1 ; 80 ; 
1799.4 ; 0.6 ; 0.035 ; 0.013 ; g ; Cs-138 ; -1 ; 81 ; 
1812.54 ; 0.18 ; 0.18 ; 0.02 ; g ; Cs-138 ; -1 ; 82 ; 
1850.86 ; 0.13 ; 1.42 ; 0.07 ; g ; Cs-138 ; -1 ; 83 ; 
1887.3 ; 0.3 ; 0.069 ; 0.013 ; g ; Cs-138 ; -1 ; 84 ; 
1925.36 ; 0.14 ; 0.56 ; 0.04 ; g ; Cs-138 ; -1 ; 85 ; 
2004.75 ; 0.14 ; 5.36 ; 0.23 ; g ; Cs-138 ; -1 ; 86 ; 
2015.82 ; 0.14 ; 12.3 ; 0.5 ; g ; Cs-138 ; -1 ; 87 ; 
2041.2 ; 0.5 ; 0.032 ; 0.010 ; g ; Cs-138 ; -1 ; 88 ; 
2079.17 ; 0.14 ; 1.44 ; 0.07 ; g ; Cs-138 ; -1 ; 89 ; 
2252.26 ; 0.14 ; 2.29 ; 0.11 ; g ; Cs-138 ; -1 ; 90 ; 
2266.8 ; 0.5 ; 0.038 ; 0.013 ; g ; Cs-138 ; -1 ; 91 ; 
2321.90 ; 0.16 ; 0.62 ; 0.04 ; g ; Cs-138 ; -1 ; 92 ; 
2326.9 ; 0.3 ; 0.057 ; 0.010 ; g ; Cs-138 ; -1 ; 93 ; 
2475.26 ; 0.16 ; 0.312 ; 0.020 ; g ; Cs-138 ; -1 ; 94 ; 
2492.61 ; 0.24 ; 0.054 ; 0.007 ; g ; Cs-138 ; -1 ; 95 ; 
2497.56 ; 0.17 ; 0.173 ; 0.014 ; g ; Cs-138 ; -1 ; 96 ; 
==================================================================================================================
